   0.00000000          41.813950599241
   0.00002000          41.844291307184
   0.00004000          41.874646474224
   0.00006000          41.905016093236
   0.00008000          41.935400157062
   0.00010000          41.965798658515
   0.00012000          41.996211590376
   0.00014000          42.026638945394
   0.00016000          42.057080716290
   0.00018000          42.087536895752
   0.00020000          42.118007476438
   0.00022000          42.148492450974
   0.00024000          42.178991811956
   0.00026000          42.209505551947
   0.00028000          42.240033663481
   0.00030000          42.270576139060
   0.00032000          42.301132971155
   0.00034000          42.331704152205
   0.00036000          42.362289674617
   0.00038000          42.392889530770
   0.00040000          42.423503713008
   0.00042000          42.454132213645
   0.00044000          42.484775024964
   0.00046000          42.515432139216
   0.00048000          42.546103548619
   0.00050000          42.576789245363
   0.00052000          42.607489221603
   0.00054000          42.638203469464
   0.00056000          42.668931981038
   0.00058000          42.699674748388
   0.00060000          42.730431763541
   0.00062000          42.761203018497
   0.00064000          42.791988505220
   0.00066000          42.822788215644
   0.00068000          42.853602141671
   0.00070000          42.884430275171
   0.00072000          42.915272607983
   0.00074000          42.946129131911
   0.00076000          42.976999838729
   0.00078000          43.007884720180
   0.00080000          43.038783767972
   0.00082000          43.069696973784
   0.00084000          43.100624329259
   0.00086000          43.131565826011
   0.00088000          43.162521455620
   0.00090000          43.193491209635
   0.00092000          43.224475079570
   0.00094000          43.255473056910
   0.00096000          43.286485133104
   0.00098000          43.317511299572
   0.00100000          43.348551547699
   0.00102000          43.379605868838
   0.00104000          43.410674254309
   0.00106000          43.441756695401
   0.00108000          43.472853183369
   0.00110000          43.503963709434
   0.00112000          43.535088264788
   0.00114000          43.566226840586
   0.00116000          43.597379427952
   0.00118000          43.628546017978
   0.00120000          43.659726601721
   0.00122000          43.690921170208
   0.00124000          43.722129714429
   0.00126000          43.753352225345
   0.00128000          43.784588693881
   0.00130000          43.815839110930
   0.00132000          43.847103467351
   0.00134000          43.878381753973
   0.00136000          43.909673961587
   0.00138000          43.940980080953
   0.00140000          43.972300102800
   0.00142000          44.003634017819
   0.00144000          44.034981816672
   0.00146000          44.066343489983
   0.00148000          44.097719028348
   0.00150000          44.129108422325
   0.00152000          44.160511662440
   0.00154000          44.191928739186
   0.00156000          44.223359643022
   0.00158000          44.254804364373
   0.00160000          44.286262893631
   0.00162000          44.317735221152
   0.00164000          44.349221337263
   0.00166000          44.380721232252
   0.00168000          44.412234896376
   0.00170000          44.443762319858
   0.00172000          44.475303492886
   0.00174000          44.506858405615
   0.00176000          44.538427048165
   0.00178000          44.570009410624
   0.00180000          44.601605483044
   0.00182000          44.633215255443
   0.00184000          44.664838717806
   0.00186000          44.696475860083
   0.00188000          44.728126672190
   0.00190000          44.759791144008
   0.00192000          44.791469265385
   0.00194000          44.823161026134
   0.00196000          44.854866416034
   0.00198000          44.886585424829
   0.00200000          44.918318042229
   0.00202000          44.950064257909
   0.00204000          44.981824061511
   0.00206000          45.013597442640
   0.00208000          45.045384390868
   0.00210000          45.077184895733
   0.00212000          45.108998946737
   0.00214000          45.140826533348
   0.00216000          45.172667644999
   0.00218000          45.204522271088
   0.00220000          45.236390400978
   0.00222000          45.268272023999
   0.00224000          45.300167129443
   0.00226000          45.332075706570
   0.00228000          45.363997744604
   0.00230000          45.395933232733
   0.00232000          45.427882160112
   0.00234000          45.459844515859
   0.00236000          45.491820289058
   0.00238000          45.523809468757
   0.00240000          45.555812043969
   0.00242000          45.587828003674
   0.00244000          45.619857336813
   0.00246000          45.651900032295
   0.00248000          45.683956078992
   0.00250000          45.716025465740
   0.00252000          45.748108181341
   0.00254000          45.780204214562
   0.00256000          45.812313554133
   0.00258000          45.844436188749
   0.00260000          45.876572107070
   0.00262000          45.908721297719
   0.00264000          45.940883749286
   0.00266000          45.973059450323
   0.00268000          46.005248389347
   0.00270000          46.037450554840
   0.00272000          46.069665935247
   0.00274000          46.101894518978
   0.00276000          46.134136294407
   0.00278000          46.166391249873
   0.00280000          46.198659373677
   0.00282000          46.230940654086
   0.00284000          46.263235079329
   0.00286000          46.295542637603
   0.00288000          46.327863317064
   0.00290000          46.360197105836
   0.00292000          46.392543992004
   0.00294000          46.424903963617
   0.00296000          46.457277008691
   0.00298000          46.489663115203
   0.00300000          46.522062271093
   0.00302000          46.554474464268
   0.00304000          46.586899682595
   0.00306000          46.619337913907
   0.00308000          46.651789146000
   0.00310000          46.684253366634
   0.00312000          46.716730563531
   0.00314000          46.749220724379
   0.00316000          46.781723836826
   0.00318000          46.814239888488
   0.00320000          46.846768866940
   0.00322000          46.879310759722
   0.00324000          46.911865554339
   0.00326000          46.944433238257
   0.00328000          46.977013798906
   0.00330000          47.009607223680
   0.00332000          47.042213499935
   0.00334000          47.074832614990
   0.00336000          47.107464556129
   0.00338000          47.140109310597
   0.00340000          47.172766865604
   0.00342000          47.205437208320
   0.00344000          47.238120325882
   0.00346000          47.270816205386
   0.00348000          47.303524833894
   0.00350000          47.336246198429
   0.00352000          47.368980285978
   0.00354000          47.401727083490
   0.00356000          47.434486577876
   0.00358000          47.467258756013
   0.00360000          47.500043604737
   0.00362000          47.532841110848
   0.00364000          47.565651261109
   0.00366000          47.598474042246
   0.00368000          47.631309440947
   0.00370000          47.664157443861
   0.00372000          47.697018037603
   0.00374000          47.729891208748
   0.00376000          47.762776943833
   0.00378000          47.795675229358
   0.00380000          47.828586051788
   0.00382000          47.861509397545
   0.00384000          47.894445253019
   0.00386000          47.927393604558
   0.00388000          47.960354438474
   0.00390000          47.993327741042
   0.00392000          48.026313498497
   0.00394000          48.059311697038
   0.00396000          48.092322322825
   0.00398000          48.125345361981
   0.00400000          48.158380800590
   0.00402000          48.191428624699
   0.00404000          48.224488820316
   0.00406000          48.257561373412
   0.00408000          48.290646269918
   0.00410000          48.323743495731
   0.00412000          48.356853036704
   0.00414000          48.389974878656
   0.00416000          48.423109007368
   0.00418000          48.456255408579
   0.00420000          48.489414067994
   0.00422000          48.522584971277
   0.00424000          48.555768104054
   0.00426000          48.588963451913
   0.00428000          48.622171000404
   0.00430000          48.655390735039
   0.00432000          48.688622641289
   0.00434000          48.721866704589
   0.00436000          48.755122910334
   0.00438000          48.788391243882
   0.00440000          48.821671690551
   0.00442000          48.854964235620
   0.00444000          48.888268864331
   0.00446000          48.921585561886
   0.00448000          48.954914313448
   0.00450000          48.988255104143
   0.00452000          49.021607919056
   0.00454000          49.054972743235
   0.00456000          49.088349561688
   0.00458000          49.121738359384
   0.00460000          49.155139121254
   0.00462000          49.188551832190
   0.00464000          49.221976477043
   0.00466000          49.255413040628
   0.00468000          49.288861507719
   0.00470000          49.322321863051
   0.00472000          49.355794091321
   0.00474000          49.389278177186
   0.00476000          49.422774105264
   0.00478000          49.456281860132
   0.00480000          49.489801426332
   0.00482000          49.523332788363
   0.00484000          49.556875930687
   0.00486000          49.590430837724
   0.00488000          49.623997493856
   0.00490000          49.657575883428
   0.00492000          49.691165990742
   0.00494000          49.724767800062
   0.00496000          49.758381295613
   0.00498000          49.792006461580
   0.00500000          49.825643282107
   0.00502000          49.859291741302
   0.00504000          49.892951823230
   0.00506000          49.926623511918
   0.00508000          49.960306791352
   0.00510000          49.994001645481
   0.00512000          50.027708058212
   0.00514000          50.061426013412
   0.00516000          50.095155494909
   0.00518000          50.128896486493
   0.00520000          50.162648971910
   0.00522000          50.196412934870
   0.00524000          50.230188359041
   0.00526000          50.263975228053
   0.00528000          50.297773525493
   0.00530000          50.331583234910
   0.00532000          50.365404339814
   0.00534000          50.399236823672
   0.00536000          50.433080669914
   0.00538000          50.466935861928
   0.00540000          50.500802383063
   0.00542000          50.534680216626
   0.00544000          50.568569345885
   0.00546000          50.602469754070
   0.00548000          50.636381424366
   0.00550000          50.670304339922
   0.00552000          50.704238483845
   0.00554000          50.738183839200
   0.00556000          50.772140389016
   0.00558000          50.806108116276
   0.00560000          50.840087003928
   0.00562000          50.874077034876
   0.00564000          50.908078191985
   0.00566000          50.942090458079
   0.00568000          50.976113815942
   0.00570000          51.010148248317
   0.00572000          51.044193737905
   0.00574000          51.078250267370
   0.00576000          51.112317819333
   0.00578000          51.146396376373
   0.00580000          51.180485921031
   0.00582000          51.214586435807
   0.00584000          51.248697903159
   0.00586000          51.282820305503
   0.00588000          51.316953625219
   0.00590000          51.351097844640
   0.00592000          51.385252946064
   0.00594000          51.419418911743
   0.00596000          51.453595723893
   0.00598000          51.487783364684
   0.00600000          51.521981816249
   0.00602000          51.556191060679
   0.00604000          51.590411080023
   0.00606000          51.624641856289
   0.00608000          51.658883371445
   0.00610000          51.693135607418
   0.00612000          51.727398546094
   0.00614000          51.761672169315
   0.00616000          51.795956458886
   0.00618000          51.830251396567
   0.00620000          51.864556964081
   0.00622000          51.898873143106
   0.00624000          51.933199915280
   0.00626000          51.967537262200
   0.00628000          52.001885165423
   0.00630000          52.036243606461
   0.00632000          52.070612566788
   0.00634000          52.104992027836
   0.00636000          52.139381970994
   0.00638000          52.173782377611
   0.00640000          52.208193228995
   0.00642000          52.242614506410
   0.00644000          52.277046191081
   0.00646000          52.311488264191
   0.00648000          52.345940706881
   0.00650000          52.380403500251
   0.00652000          52.414876625357
   0.00654000          52.449360063217
   0.00656000          52.483853794805
   0.00658000          52.518357801054
   0.00660000          52.552872062855
   0.00662000          52.587396561058
   0.00664000          52.621931276470
   0.00666000          52.656476189857
   0.00668000          52.691031281944
   0.00670000          52.725596533413
   0.00672000          52.760171924904
   0.00674000          52.794757437017
   0.00676000          52.829353050307
   0.00678000          52.863958745289
   0.00680000          52.898574502437
   0.00682000          52.933200302182
   0.00684000          52.967836124912
   0.00686000          53.002481950974
   0.00688000          53.037137760673
   0.00690000          53.071803534273
   0.00692000          53.106479251993
   0.00694000          53.141164894013
   0.00696000          53.175860440470
   0.00698000          53.210565871457
   0.00700000          53.245281167027
   0.00702000          53.280006307190
   0.00704000          53.314741271914
   0.00706000          53.349486041125
   0.00708000          53.384240594706
   0.00710000          53.419004912498
   0.00712000          53.453778974301
   0.00714000          53.488562759870
   0.00716000          53.523356248920
   0.00718000          53.558159421123
   0.00720000          53.592972256109
   0.00722000          53.627794733464
   0.00724000          53.662626832733
   0.00726000          53.697468533419
   0.00728000          53.732319814981
   0.00730000          53.767180656837
   0.00732000          53.802051038361
   0.00734000          53.836930938886
   0.00736000          53.871820337702
   0.00738000          53.906719214056
   0.00740000          53.941627547152
   0.00742000          53.976545316152
   0.00744000          54.011472500177
   0.00746000          54.046409078302
   0.00748000          54.081355029562
   0.00750000          54.116310332948
   0.00752000          54.151274967410
   0.00754000          54.186248911853
   0.00756000          54.221232145140
   0.00758000          54.256224646092
   0.00760000          54.291226393487
   0.00762000          54.326237366060
   0.00764000          54.361257542503
   0.00766000          54.396286901465
   0.00768000          54.431325421553
   0.00770000          54.466373081331
   0.00772000          54.501429859319
   0.00774000          54.536495733995
   0.00776000          54.571570683795
   0.00778000          54.606654687109
   0.00780000          54.641747722288
   0.00782000          54.676849767637
   0.00784000          54.711960801419
   0.00786000          54.747080801855
   0.00788000          54.782209747121
   0.00790000          54.817347615352
   0.00792000          54.852494384638
   0.00794000          54.887650033028
   0.00796000          54.922814538525
   0.00798000          54.957987879093
   0.00800000          54.993170032648
   0.00802000          55.028360977068
   0.00804000          55.063560690183
   0.00806000          55.098769149783
   0.00808000          55.133986333615
   0.00810000          55.169212219379
   0.00812000          55.204446784737
   0.00814000          55.239690007303
   0.00816000          55.274941864652
   0.00818000          55.310202334312
   0.00820000          55.345471393770
   0.00822000          55.380749020470
   0.00824000          55.416035191810
   0.00826000          55.451329885147
   0.00828000          55.486633077794
   0.00830000          55.521944747021
   0.00832000          55.557264870055
   0.00834000          55.592593424077
   0.00836000          55.627930386228
   0.00838000          55.663275733604
   0.00840000          55.698629443256
   0.00842000          55.733991492195
   0.00844000          55.769361857386
   0.00846000          55.804740515752
   0.00848000          55.840127444170
   0.00850000          55.875522619476
   0.00852000          55.910926018462
   0.00854000          55.946337617876
   0.00856000          55.981757394423
   0.00858000          56.017185324763
   0.00860000          56.052621385514
   0.00862000          56.088065553250
   0.00864000          56.123517804501
   0.00866000          56.158978115754
   0.00868000          56.194446463451
   0.00870000          56.229922823992
   0.00872000          56.265407173733
   0.00874000          56.300899488985
   0.00876000          56.336399746018
   0.00878000          56.371907921055
   0.00880000          56.407423990277
   0.00882000          56.442947929823
   0.00884000          56.478479715784
   0.00886000          56.514019324212
   0.00888000          56.549566731112
   0.00890000          56.585121912445
   0.00892000          56.620684844132
   0.00894000          56.656255502045
   0.00896000          56.691833862017
   0.00898000          56.727419899834
   0.00900000          56.763013591240
   0.00902000          56.798614911933
   0.00904000          56.834223837569
   0.00906000          56.869840343761
   0.00908000          56.905464406076
   0.00910000          56.941096000037
   0.00912000          56.976735101125
   0.00914000          57.012381684776
   0.00916000          57.048035726383
   0.00918000          57.083697201294
   0.00920000          57.119366084812
   0.00922000          57.155042352200
   0.00924000          57.190725978672
   0.00926000          57.226416939403
   0.00928000          57.262115209520
   0.00930000          57.297820764109
   0.00932000          57.333533578209
   0.00934000          57.369253626818
   0.00936000          57.404980884888
   0.00938000          57.440715327329
   0.00940000          57.476456929004
   0.00942000          57.512205664735
   0.00944000          57.547961509298
   0.00946000          57.583724437426
   0.00948000          57.619494423808
   0.00950000          57.655271443087
   0.00952000          57.691055469865
   0.00954000          57.726846478698
   0.00956000          57.762644444098
   0.00958000          57.798449340533
   0.00960000          57.834261142428
   0.00962000          57.870079824163
   0.00964000          57.905905360073
   0.00966000          57.941737724451
   0.00968000          57.977576891544
   0.00970000          58.013422835555
   0.00972000          58.049275530646
   0.00974000          58.085134950930
   0.00976000          58.121001070479
   0.00978000          58.156873863320
   0.00980000          58.192753303436
   0.00982000          58.228639364765
   0.00984000          58.264532021204
   0.00986000          58.300431246601
   0.00988000          58.336337014763
   0.00990000          58.372249299452
   0.00992000          58.408168074387
   0.00994000          58.444093313240
   0.00996000          58.480024989642
   0.00998000          58.515963077177
   0.01000000          58.551907549388
   0.01002000          58.587858379770
   0.01004000          58.623815541777
   0.01006000          58.659779008817
   0.01008000          58.695748754254
   0.01010000          58.731724751409
   0.01012000          58.767706973558
   0.01014000          58.803695393931
   0.01016000          58.839689985718
   0.01018000          58.875690722059
   0.01020000          58.911697576056
   0.01022000          58.947710520762
   0.01024000          58.983729529187
   0.01026000          59.019754574299
   0.01028000          59.055785629019
   0.01030000          59.091822666225
   0.01032000          59.127865658751
   0.01034000          59.163914579385
   0.01036000          59.199969400872
   0.01038000          59.236030095914
   0.01040000          59.272096637167
   0.01042000          59.308168997244
   0.01044000          59.344247148711
   0.01046000          59.380331064094
   0.01048000          59.416420715870
   0.01050000          59.452516076477
   0.01052000          59.488617118304
   0.01054000          59.524723813698
   0.01056000          59.560836134963
   0.01058000          59.596954054355
   0.01060000          59.633077544089
   0.01062000          59.669206576334
   0.01064000          59.705341123217
   0.01066000          59.741481156817
   0.01068000          59.777626649173
   0.01070000          59.813777572277
   0.01072000          59.849933898076
   0.01074000          59.886095598476
   0.01076000          59.922262645336
   0.01078000          59.958435010471
   0.01080000          59.994612665654
   0.01082000          60.030795582611
   0.01084000          60.066983733025
   0.01086000          60.103177088535
   0.01088000          60.139375620735
   0.01090000          60.175579301175
   0.01092000          60.211788101362
   0.01094000          60.248001992756
   0.01096000          60.284220946777
   0.01098000          60.320444934795
   0.01100000          60.356673928142
   0.01102000          60.392907898101
   0.01104000          60.429146815914
   0.01106000          60.465390652775
   0.01108000          60.501639379839
   0.01110000          60.537892968212
   0.01112000          60.574151388958
   0.01114000          60.610414613098
   0.01116000          60.646682611605
   0.01118000          60.682955355412
   0.01120000          60.719232815406
   0.01122000          60.755514962428
   0.01124000          60.791801767279
   0.01126000          60.828093200712
   0.01128000          60.864389233437
   0.01130000          60.900689836122
   0.01132000          60.936994979387
   0.01134000          60.973304633810
   0.01136000          61.009618769926
   0.01138000          61.045937358225
   0.01140000          61.082260369150
   0.01142000          61.118587773104
   0.01144000          61.154919540444
   0.01146000          61.191255641483
   0.01148000          61.227596046490
   0.01150000          61.263940725690
   0.01152000          61.300289649264
   0.01154000          61.336642787349
   0.01156000          61.373000110037
   0.01158000          61.409361587376
   0.01160000          61.445727189372
   0.01162000          61.482096885985
   0.01164000          61.518470647131
   0.01166000          61.554848442684
   0.01168000          61.591230242470
   0.01170000          61.627616016275
   0.01172000          61.664005733840
   0.01174000          61.700399364860
   0.01176000          61.736796878988
   0.01178000          61.773198245833
   0.01180000          61.809603434958
   0.01182000          61.846012415885
   0.01184000          61.882425158090
   0.01186000          61.918841631006
   0.01188000          61.955261804022
   0.01190000          61.991685646482
   0.01192000          62.028113127687
   0.01194000          62.064544216895
   0.01196000          62.100978883317
   0.01198000          62.137417096125
   0.01200000          62.173858824443
   0.01202000          62.210304037352
   0.01204000          62.246752703891
   0.01206000          62.283204793054
   0.01208000          62.319660273790
   0.01210000          62.356119115005
   0.01212000          62.392581285563
   0.01214000          62.429046754282
   0.01216000          62.465515489936
   0.01218000          62.501987461258
   0.01220000          62.538462636935
   0.01222000          62.574940985610
   0.01224000          62.611422475883
   0.01226000          62.647907076312
   0.01228000          62.684394755408
   0.01230000          62.720885481640
   0.01232000          62.757379223434
   0.01234000          62.793875949172
   0.01236000          62.830375627191
   0.01238000          62.866878225787
   0.01240000          62.903383713209
   0.01242000          62.939892057666
   0.01244000          62.976403227321
   0.01246000          63.012917190294
   0.01248000          63.049433914662
   0.01250000          63.085953368458
   0.01252000          63.122475519672
   0.01254000          63.159000336249
   0.01256000          63.195527786093
   0.01258000          63.232057837062
   0.01260000          63.268590456973
   0.01262000          63.305125613597
   0.01264000          63.341663274665
   0.01266000          63.378203407860
   0.01268000          63.414745980826
   0.01270000          63.451290961161
   0.01272000          63.487838316420
   0.01274000          63.524388014117
   0.01276000          63.560940021719
   0.01278000          63.597494306653
   0.01280000          63.634050836301
   0.01282000          63.670609578001
   0.01284000          63.707170499050
   0.01286000          63.743733566700
   0.01288000          63.780298748161
   0.01290000          63.816866010600
   0.01292000          63.853435321138
   0.01294000          63.890006646857
   0.01296000          63.926579954793
   0.01298000          63.963155211941
   0.01300000          63.999732385250
   0.01302000          64.036311441628
   0.01304000          64.072892347941
   0.01306000          64.109475071010
   0.01308000          64.146059577613
   0.01310000          64.182645834486
   0.01312000          64.219233808323
   0.01314000          64.255823465772
   0.01316000          64.292414773442
   0.01318000          64.329007697895
   0.01320000          64.365602205654
   0.01322000          64.402198263196
   0.01324000          64.438795836957
   0.01326000          64.475394893331
   0.01328000          64.511995398666
   0.01330000          64.548597319270
   0.01332000          64.585200621409
   0.01334000          64.621805271302
   0.01336000          64.658411235131
   0.01338000          64.695018479031
   0.01340000          64.731626969097
   0.01342000          64.768236671379
   0.01344000          64.804847551886
   0.01346000          64.841459576584
   0.01348000          64.878072711398
   0.01350000          64.914686922208
   0.01352000          64.951302174853
   0.01354000          64.987918435130
   0.01356000          65.024535668791
   0.01358000          65.061153841548
   0.01360000          65.097772919071
   0.01362000          65.134392866985
   0.01364000          65.171013650876
   0.01366000          65.207635236285
   0.01368000          65.244257588713
   0.01370000          65.280880673615
   0.01372000          65.317504456409
   0.01374000          65.354128902467
   0.01376000          65.390753977120
   0.01378000          65.427379645656
   0.01380000          65.464005873323
   0.01382000          65.500632625325
   0.01384000          65.537259866824
   0.01386000          65.573887562942
   0.01388000          65.610515678756
   0.01390000          65.647144179304
   0.01392000          65.683773029580
   0.01394000          65.720402194536
   0.01396000          65.757031639084
   0.01398000          65.793661328092
   0.01400000          65.830291226389
   0.01402000          65.866921298758
   0.01404000          65.903551509944
   0.01406000          65.940181824649
   0.01408000          65.976812207533
   0.01410000          66.013442623214
   0.01412000          66.050073036270
   0.01414000          66.086703411235
   0.01416000          66.123333712604
   0.01418000          66.159963904828
   0.01420000          66.196593952319
   0.01422000          66.233223819445
   0.01424000          66.269853470534
   0.01426000          66.306482869872
   0.01428000          66.343111981705
   0.01430000          66.379740770236
   0.01432000          66.416369199628
   0.01434000          66.452997234000
   0.01436000          66.489624837434
   0.01438000          66.526251973967
   0.01440000          66.562878607597
   0.01442000          66.599504702280
   0.01444000          66.636130221931
   0.01446000          66.672755130424
   0.01448000          66.709379391593
   0.01450000          66.746002969228
   0.01452000          66.782625827081
   0.01454000          66.819247928861
   0.01456000          66.855869238239
   0.01458000          66.892489718842
   0.01460000          66.929109334258
   0.01462000          66.965728048032
   0.01464000          67.002345823672
   0.01466000          67.038962624641
   0.01468000          67.075578414365
   0.01470000          67.112193156227
   0.01472000          67.148806813570
   0.01474000          67.185419349697
   0.01476000          67.222030727870
   0.01478000          67.258640911310
   0.01480000          67.295249863198
   0.01482000          67.331857546675
   0.01484000          67.368463924841
   0.01486000          67.405068960756
   0.01488000          67.441672617439
   0.01490000          67.478274857869
   0.01492000          67.514875644986
   0.01494000          67.551474941688
   0.01496000          67.588072710835
   0.01498000          67.624668915243
   0.01500000          67.661263517693
   0.01502000          67.697856480922
   0.01504000          67.734447767628
   0.01506000          67.771037340470
   0.01508000          67.807625162067
   0.01510000          67.844211194997
   0.01512000          67.880795401799
   0.01514000          67.917377744972
   0.01516000          67.953958186975
   0.01518000          67.990536690228
   0.01520000          68.027113217110
   0.01522000          68.063687729961
   0.01524000          68.100260191083
   0.01526000          68.136830562736
   0.01528000          68.173398807143
   0.01530000          68.209964886484
   0.01532000          68.246528762902
   0.01534000          68.283090398502
   0.01536000          68.319649755347
   0.01538000          68.356206795461
   0.01540000          68.392761480830
   0.01542000          68.429313773401
   0.01544000          68.465863635080
   0.01546000          68.502411027735
   0.01548000          68.538955913195
   0.01550000          68.575498253251
   0.01552000          68.612038009653
   0.01554000          68.648575144112
   0.01556000          68.685109618303
   0.01558000          68.721641393859
   0.01560000          68.758170432376
   0.01562000          68.794696695410
   0.01564000          68.831220144480
   0.01566000          68.867740741064
   0.01568000          68.904258446605
   0.01570000          68.940773222503
   0.01572000          68.977285030122
   0.01574000          69.013793830788
   0.01576000          69.050299585787
   0.01578000          69.086802256368
   0.01580000          69.123301803741
   0.01582000          69.159798189078
   0.01584000          69.196291373512
   0.01586000          69.232781318139
   0.01588000          69.269267984015
   0.01590000          69.305751332161
   0.01592000          69.342231323557
   0.01594000          69.378707919146
   0.01596000          69.415181079835
   0.01598000          69.451650766489
   0.01600000          69.488116939939
   0.01602000          69.524579560977
   0.01604000          69.561038590355
   0.01606000          69.597493988792
   0.01608000          69.633945716965
   0.01610000          69.670393735516
   0.01612000          69.706838005049
   0.01614000          69.743278486128
   0.01616000          69.779715139284
   0.01618000          69.816147925008
   0.01620000          69.852576803753
   0.01622000          69.889001735936
   0.01624000          69.925422681937
   0.01626000          69.961839602099
   0.01628000          69.998252456726
   0.01630000          70.034661206087
   0.01632000          70.071065810414
   0.01634000          70.107466229899
   0.01636000          70.143862424702
   0.01638000          70.180254354942
   0.01640000          70.216641980703
   0.01642000          70.253025262033
   0.01644000          70.289404158941
   0.01646000          70.325778631402
   0.01648000          70.362148639353
   0.01650000          70.398514142694
   0.01652000          70.434875101290
   0.01654000          70.471231474968
   0.01656000          70.507583223520
   0.01658000          70.543930306702
   0.01660000          70.580272684232
   0.01662000          70.616610315793
   0.01664000          70.652943161032
   0.01666000          70.689271179560
   0.01668000          70.725594330952
   0.01670000          70.761912574745
   0.01672000          70.798225870444
   0.01674000          70.834534177514
   0.01676000          70.870837455388
   0.01678000          70.907135663460
   0.01680000          70.943428761092
   0.01682000          70.979716707607
   0.01684000          71.015999462294
   0.01686000          71.052276984406
   0.01688000          71.088549233161
   0.01690000          71.124816167743
   0.01692000          71.161077747298
   0.01694000          71.197333930938
   0.01696000          71.233584677740
   0.01698000          71.269829946746
   0.01700000          71.306069696964
   0.01702000          71.342303887363
   0.01704000          71.378532476882
   0.01706000          71.414755424423
   0.01708000          71.450972688852
   0.01710000          71.487184229002
   0.01712000          71.523390003671
   0.01714000          71.559589971622
   0.01716000          71.595784091584
   0.01718000          71.631972322250
   0.01720000          71.668154622281
   0.01722000          71.704330950301
   0.01724000          71.740501264902
   0.01726000          71.776665524641
   0.01728000          71.812823688040
   0.01730000          71.848975713588
   0.01732000          71.885121559739
   0.01734000          71.921261184914
   0.01736000          71.957394547499
   0.01738000          71.993521605848
   0.01740000          72.029642318278
   0.01742000          72.065756643076
   0.01744000          72.101864538493
   0.01746000          72.137965962747
   0.01748000          72.174060874023
   0.01750000          72.210149230472
   0.01752000          72.246230990211
   0.01754000          72.282306111324
   0.01756000          72.318374551864
   0.01758000          72.354436269847
   0.01760000          72.390491223259
   0.01762000          72.426539370051
   0.01764000          72.462580668143
   0.01766000          72.498615075419
   0.01768000          72.534642549734
   0.01770000          72.570663048907
   0.01772000          72.606676530727
   0.01774000          72.642682952947
   0.01776000          72.678682273291
   0.01778000          72.714674449448
   0.01780000          72.750659439076
   0.01782000          72.786637199800
   0.01784000          72.822607689212
   0.01786000          72.858570864873
   0.01788000          72.894526684313
   0.01790000          72.930475105026
   0.01792000          72.966416084478
   0.01794000          73.002349580101
   0.01796000          73.038275549295
   0.01798000          73.074193949430
   0.01800000          73.110104737842
   0.01802000          73.146007871837
   0.01804000          73.181903308689
   0.01806000          73.217791005640
   0.01808000          73.253670919901
   0.01810000          73.289543008652
   0.01812000          73.325407229040
   0.01814000          73.361263538184
   0.01816000          73.397111893169
   0.01818000          73.432952251051
   0.01820000          73.468784568852
   0.01822000          73.504608803566
   0.01824000          73.540424912156
   0.01826000          73.576232851552
   0.01828000          73.612032578655
   0.01830000          73.647824050337
   0.01832000          73.683607223435
   0.01834000          73.719382054760
   0.01836000          73.755148501091
   0.01838000          73.790906519174
   0.01840000          73.826656065730
   0.01842000          73.862397097446
   0.01844000          73.898129570980
   0.01846000          73.933853442960
   0.01848000          73.969568669984
   0.01850000          74.005275208621
   0.01852000          74.040973015408
   0.01854000          74.076662046855
   0.01856000          74.112342259442
   0.01858000          74.148013609616
   0.01860000          74.183676053800
   0.01862000          74.219329548383
   0.01864000          74.254974049728
   0.01866000          74.290609514166
   0.01868000          74.326235898000
   0.01870000          74.361853157506
   0.01872000          74.397461248928
   0.01874000          74.433060128482
   0.01876000          74.468649752356
   0.01878000          74.504230076708
   0.01880000          74.539801057669
   0.01882000          74.575362651340
   0.01884000          74.610914813794
   0.01886000          74.646457501076
   0.01888000          74.681990669202
   0.01890000          74.717514274159
   0.01892000          74.753028271909
   0.01894000          74.788532618382
   0.01896000          74.824027269482
   0.01898000          74.859512181086
   0.01900000          74.894987309041
   0.01902000          74.930452609168
   0.01904000          74.965908037258
   0.01906000          75.001353549078
   0.01908000          75.036789100365
   0.01910000          75.072214646828
   0.01912000          75.107630144152
   0.01914000          75.143035547990
   0.01916000          75.178430813972
   0.01918000          75.213815897699
   0.01920000          75.249190754745
   0.01922000          75.284555340657
   0.01924000          75.319909610957
   0.01926000          75.355253521138
   0.01928000          75.390587026667
   0.01930000          75.425910082985
   0.01932000          75.461222645506
   0.01934000          75.496524669618
   0.01936000          75.531816110682
   0.01938000          75.567096924034
   0.01940000          75.602367064983
   0.01942000          75.637626488812
   0.01944000          75.672875150778
   0.01946000          75.708113006112
   0.01948000          75.743340010020
   0.01950000          75.778556117682
   0.01952000          75.813761284251
   0.01954000          75.848955464858
   0.01956000          75.884138614605
   0.01958000          75.919310688569
   0.01960000          75.954471641804
   0.01962000          75.989621429338
   0.01964000          76.024760006173
   0.01966000          76.059887327286
   0.01968000          76.095003347630
   0.01970000          76.130108022133
   0.01972000          76.165201305699
   0.01974000          76.200283153205
   0.01976000          76.235353519507
   0.01978000          76.270412359433
   0.01980000          76.305459627789
   0.01982000          76.340495279356
   0.01984000          76.375519268891
   0.01986000          76.410531551127
   0.01988000          76.445532080772
   0.01990000          76.480520812513
   0.01992000          76.515497701009
   0.01994000          76.550462700899
   0.01996000          76.585415766797
   0.01998000          76.620356853294
   0.02000000          76.655285914955
