   0.00000000           0.000000000000
   0.00002000           0.000024954357
   0.00004000           0.000099812437
   0.00006000           0.000224566680
   0.00008000           0.000399209427
   0.00010000           0.000623732920
   0.00012000           0.000898129302
   0.00014000           0.001222390617
   0.00016000           0.001596508812
   0.00018000           0.002020475734
   0.00020000           0.002494283131
   0.00022000           0.003017922654
   0.00024000           0.003591385853
   0.00026000           0.004214664182
   0.00028000           0.004887748994
   0.00030000           0.005610631547
   0.00032000           0.006383302996
   0.00034000           0.007205754402
   0.00036000           0.008077976724
   0.00038000           0.008999960825
   0.00040000           0.009971697469
   0.00042000           0.010993177321
   0.00044000           0.012064390950
   0.00046000           0.013185328823
   0.00048000           0.014355981312
   0.00050000           0.015576338690
   0.00052000           0.016846391132
   0.00054000           0.018166128714
   0.00056000           0.019535541416
   0.00058000           0.020954619116
   0.00060000           0.022423351600
   0.00062000           0.023941728550
   0.00064000           0.025509739555
   0.00066000           0.027127374103
   0.00068000           0.028794621586
   0.00070000           0.030511471296
   0.00072000           0.032277912431
   0.00074000           0.034093934088
   0.00076000           0.035959525267
   0.00078000           0.037874674873
   0.00080000           0.039839371709
   0.00082000           0.041853604484
   0.00084000           0.043917361808
   0.00086000           0.046030632195
   0.00088000           0.048193404059
   0.00090000           0.050405665720
   0.00092000           0.052667405399
   0.00094000           0.054978611218
   0.00096000           0.057339271205
   0.00098000           0.059749373289
   0.00100000           0.062208905303
   0.00102000           0.064717854982
   0.00104000           0.067276209964
   0.00106000           0.069883957790
   0.00108000           0.072541085905
   0.00110000           0.075247581657
   0.00112000           0.078003432296
   0.00114000           0.080808624975
   0.00116000           0.083663146754
   0.00118000           0.086566984591
   0.00120000           0.089520125352
   0.00122000           0.092522555802
   0.00124000           0.095574262615
   0.00126000           0.098675232363
   0.00128000           0.101825451525
   0.00130000           0.105024906482
   0.00132000           0.108273583521
   0.00134000           0.111571468829
   0.00136000           0.114918548501
   0.00138000           0.118314808532
   0.00140000           0.121760234824
   0.00142000           0.125254813182
   0.00144000           0.128798529313
   0.00146000           0.132391368832
   0.00148000           0.136033317253
   0.00150000           0.139724360000
   0.00152000           0.143464482397
   0.00154000           0.147253669674
   0.00156000           0.151091906965
   0.00158000           0.154979179309
   0.00160000           0.158915471647
   0.00162000           0.162900768829
   0.00164000           0.166935055605
   0.00166000           0.171018316633
   0.00168000           0.175150536475
   0.00170000           0.179331699595
   0.00172000           0.183561790366
   0.00174000           0.187840793064
   0.00176000           0.192168691869
   0.00178000           0.196545470867
   0.00180000           0.200971114050
   0.00182000           0.205445605313
   0.00184000           0.209968928458
   0.00186000           0.214541067192
   0.00188000           0.219162005127
   0.00190000           0.223831725780
   0.00192000           0.228550212574
   0.00194000           0.233317448838
   0.00196000           0.238133417806
   0.00198000           0.242998102616
   0.00200000           0.247911486316
   0.00202000           0.252873551856
   0.00204000           0.257884282092
   0.00206000           0.262943659789
   0.00208000           0.268051667616
   0.00210000           0.273208288146
   0.00212000           0.278413503863
   0.00214000           0.283667297152
   0.00216000           0.288969650308
   0.00218000           0.294320545531
   0.00220000           0.299719964928
   0.00222000           0.305167890511
   0.00224000           0.310664304200
   0.00226000           0.316209187821
   0.00228000           0.321802523108
   0.00230000           0.327444291699
   0.00232000           0.333134475141
   0.00234000           0.338873054888
   0.00236000           0.344660012300
   0.00238000           0.350495328645
   0.00240000           0.356378985097
   0.00242000           0.362310962738
   0.00244000           0.368291242557
   0.00246000           0.374319805451
   0.00248000           0.380396632223
   0.00250000           0.386521703585
   0.00252000           0.392695000157
   0.00254000           0.398916502464
   0.00256000           0.405186190941
   0.00258000           0.411504045931
   0.00260000           0.417870047683
   0.00262000           0.424284176356
   0.00264000           0.430746412016
   0.00266000           0.437256734637
   0.00268000           0.443815124102
   0.00270000           0.450421560202
   0.00272000           0.457076022636
   0.00274000           0.463778491011
   0.00276000           0.470528944844
   0.00278000           0.477327363559
   0.00280000           0.484173726491
   0.00282000           0.491068012881
   0.00284000           0.498010201880
   0.00286000           0.505000272549
   0.00288000           0.512038203857
   0.00290000           0.519123974681
   0.00292000           0.526257563810
   0.00294000           0.533438949940
   0.00296000           0.540668111677
   0.00298000           0.547945027537
   0.00300000           0.555269675944
   0.00302000           0.562642035234
   0.00304000           0.570062083650
   0.00306000           0.577529799347
   0.00308000           0.585045160388
   0.00310000           0.592608144748
   0.00312000           0.600218730311
   0.00314000           0.607876894871
   0.00316000           0.615582616132
   0.00318000           0.623335871709
   0.00320000           0.631136639127
   0.00322000           0.638984895822
   0.00324000           0.646880619139
   0.00326000           0.654823786335
   0.00328000           0.662814374579
   0.00330000           0.670852360948
   0.00332000           0.678937722432
   0.00334000           0.687070435931
   0.00336000           0.695250478257
   0.00338000           0.703477826133
   0.00340000           0.711752456191
   0.00342000           0.720074344979
   0.00344000           0.728443468952
   0.00346000           0.736859804480
   0.00348000           0.745323327842
   0.00350000           0.753834015230
   0.00352000           0.762391842749
   0.00354000           0.770996786413
   0.00356000           0.779648822151
   0.00358000           0.788347925803
   0.00360000           0.797094073120
   0.00362000           0.805887239768
   0.00364000           0.814727401323
   0.00366000           0.823614533275
   0.00368000           0.832548611026
   0.00370000           0.841529609891
   0.00372000           0.850557505097
   0.00374000           0.859632271785
   0.00376000           0.868753885010
   0.00378000           0.877922319736
   0.00380000           0.887137550845
   0.00382000           0.896399553130
   0.00384000           0.905708301297
   0.00386000           0.915063769966
   0.00388000           0.924465933672
   0.00390000           0.933914766862
   0.00392000           0.943410243898
   0.00394000           0.952952339053
   0.00396000           0.962541026519
   0.00398000           0.972176280398
   0.00400000           0.981858074708
   0.00402000           0.991586383381
   0.00404000           1.001361180263
   0.00406000           1.011182439115
   0.00408000           1.021050133613
   0.00410000           1.030964237347
   0.00412000           1.040924723822
   0.00414000           1.050931566458
   0.00416000           1.060984738591
   0.00418000           1.071084213471
   0.00420000           1.081229964263
   0.00422000           1.091421964048
   0.00424000           1.101660185823
   0.00426000           1.111944602499
   0.00428000           1.122275186905
   0.00430000           1.132651911784
   0.00432000           1.143074749794
   0.00434000           1.153543673513
   0.00436000           1.164058655430
   0.00438000           1.174619667954
   0.00440000           1.185226683409
   0.00442000           1.195879674036
   0.00444000           1.206578611990
   0.00446000           1.217323469347
   0.00448000           1.228114218097
   0.00450000           1.238950830147
   0.00452000           1.249833277321
   0.00454000           1.260761531361
   0.00456000           1.271735563926
   0.00458000           1.282755346591
   0.00460000           1.293820850851
   0.00462000           1.304932048115
   0.00464000           1.316088909713
   0.00466000           1.327291406892
   0.00468000           1.338539510815
   0.00470000           1.349833192565
   0.00472000           1.361172423142
   0.00474000           1.372557173465
   0.00476000           1.383987414371
   0.00478000           1.395463116616
   0.00480000           1.406984250873
   0.00482000           1.418550787736
   0.00484000           1.430162697715
   0.00486000           1.441819951241
   0.00488000           1.453522518664
   0.00490000           1.465270370253
   0.00492000           1.477063476194
   0.00494000           1.488901806596
   0.00496000           1.500785331486
   0.00498000           1.512714020809
   0.00500000           1.524687844432
   0.00502000           1.536706772140
   0.00504000           1.548770773641
   0.00506000           1.560879818559
   0.00508000           1.573033876441
   0.00510000           1.585232916753
   0.00512000           1.597476908884
   0.00514000           1.609765822139
   0.00516000           1.622099625748
   0.00518000           1.634478288859
   0.00520000           1.646901780542
   0.00522000           1.659370069790
   0.00524000           1.671883125512
   0.00526000           1.684440916545
   0.00528000           1.697043411641
   0.00530000           1.709690579478
   0.00532000           1.722382388653
   0.00534000           1.735118807687
   0.00536000           1.747899805021
   0.00538000           1.760725349020
   0.00540000           1.773595407968
   0.00542000           1.786509950075
   0.00544000           1.799468943470
   0.00546000           1.812472356208
   0.00548000           1.825520156263
   0.00550000           1.838612311535
   0.00552000           1.851748789844
   0.00554000           1.864929558935
   0.00556000           1.878154586476
   0.00558000           1.891423840057
   0.00560000           1.904737287194
   0.00562000           1.918094895322
   0.00564000           1.931496631805
   0.00566000           1.944942463926
   0.00568000           1.958432358896
   0.00570000           1.971966283847
   0.00572000           1.985544205837
   0.00574000           1.999166091846
   0.00576000           2.012831908782
   0.00578000           2.026541623474
   0.00580000           2.040295202677
   0.00582000           2.054092613072
   0.00584000           2.067933821264
   0.00586000           2.081818793782
   0.00588000           2.095747497081
   0.00590000           2.109719897542
   0.00592000           2.123735961470
   0.00594000           2.137795655098
   0.00596000           2.151898944582
   0.00598000           2.166045796006
   0.00600000           2.180236175377
   0.00602000           2.194470048632
   0.00604000           2.208747381631
   0.00606000           2.223068140163
   0.00608000           2.237432289940
   0.00610000           2.251839796605
   0.00612000           2.266290625724
   0.00614000           2.280784742791
   0.00616000           2.295322113229
   0.00618000           2.309902702386
   0.00620000           2.324526475538
   0.00622000           2.339193397887
   0.00624000           2.353903434566
   0.00626000           2.368656550632
   0.00628000           2.383452711071
   0.00630000           2.398291880798
   0.00632000           2.413174024656
   0.00634000           2.428099107415
   0.00636000           2.443067093774
   0.00638000           2.458077948361
   0.00640000           2.473131635731
   0.00642000           2.488228120370
   0.00644000           2.503367366692
   0.00646000           2.518549339039
   0.00648000           2.533774001683
   0.00650000           2.549041318827
   0.00652000           2.564351254599
   0.00654000           2.579703773063
   0.00656000           2.595098838206
   0.00658000           2.610536413950
   0.00660000           2.626016464144
   0.00662000           2.641538952569
   0.00664000           2.657103842934
   0.00666000           2.672711098882
   0.00668000           2.688360683983
   0.00670000           2.704052561740
   0.00672000           2.719786695586
   0.00674000           2.735563048884
   0.00676000           2.751381584929
   0.00678000           2.767242266949
   0.00680000           2.783145058101
   0.00682000           2.799089921474
   0.00684000           2.815076820089
   0.00686000           2.831105716900
   0.00688000           2.847176574790
   0.00690000           2.863289356577
   0.00692000           2.879444025009
   0.00694000           2.895640542770
   0.00696000           2.911878872471
   0.00698000           2.928158976661
   0.00700000           2.944480817819
   0.00702000           2.960844358356
   0.00704000           2.977249560620
   0.00706000           2.993696386888
   0.00708000           3.010184799374
   0.00710000           3.026714760222
   0.00712000           3.043286231512
   0.00714000           3.059899175258
   0.00716000           3.076553553407
   0.00718000           3.093249327839
   0.00720000           3.109986460371
   0.00722000           3.126764912753
   0.00724000           3.143584646669
   0.00726000           3.160445623738
   0.00728000           3.177347805514
   0.00730000           3.194291153487
   0.00732000           3.211275629080
   0.00734000           3.228301193653
   0.00736000           3.245367808500
   0.00738000           3.262475434853
   0.00740000           3.279624033876
   0.00742000           3.296813566673
   0.00744000           3.314043994280
   0.00746000           3.331315277672
   0.00748000           3.348627377759
   0.00750000           3.365980255388
   0.00752000           3.383373871343
   0.00754000           3.400808186343
   0.00756000           3.418283161045
   0.00758000           3.435798756044
   0.00760000           3.453354931870
   0.00762000           3.470951648993
   0.00764000           3.488588867817
   0.00766000           3.506266548687
   0.00768000           3.523984651884
   0.00770000           3.541743137627
   0.00772000           3.559541966074
   0.00774000           3.577381097320
   0.00776000           3.595260491399
   0.00778000           3.613180108283
   0.00780000           3.631139907884
   0.00782000           3.649139850051
   0.00784000           3.667179894574
   0.00786000           3.685260001181
   0.00788000           3.703380129538
   0.00790000           3.721540239252
   0.00792000           3.739740289870
   0.00794000           3.757980240877
   0.00796000           3.776260051700
   0.00798000           3.794579681704
   0.00800000           3.812939090195
   0.00802000           3.831338236420
   0.00804000           3.849777079565
   0.00806000           3.868255578758
   0.00808000           3.886773693067
   0.00810000           3.905331381501
   0.00812000           3.923928603010
   0.00814000           3.942565316487
   0.00816000           3.961241480763
   0.00818000           3.979957054613
   0.00820000           3.998711996754
   0.00822000           4.017506265843
   0.00824000           4.036339820479
   0.00826000           4.055212619206
   0.00828000           4.074124620508
   0.00830000           4.093075782810
   0.00832000           4.112066064484
   0.00834000           4.131095423840
   0.00836000           4.150163819135
   0.00838000           4.169271208566
   0.00840000           4.188417550275
   0.00842000           4.207602802346
   0.00844000           4.226826922809
   0.00846000           4.246089869635
   0.00848000           4.265391600739
   0.00850000           4.284732073982
   0.00852000           4.304111247169
   0.00854000           4.323529078046
   0.00856000           4.342985524308
   0.00858000           4.362480543591
   0.00860000           4.382014093478
   0.00862000           4.401586131496
   0.00864000           4.421196615117
   0.00866000           4.440845501759
   0.00868000           4.460532748784
   0.00870000           4.480258313502
   0.00872000           4.500022153166
   0.00874000           4.519824224976
   0.00876000           4.539664486078
   0.00878000           4.559542893565
   0.00880000           4.579459404476
   0.00882000           4.599413975794
   0.00884000           4.619406564453
   0.00886000           4.639437127331
   0.00888000           4.659505621252
   0.00890000           4.679612002991
   0.00892000           4.699756229266
   0.00894000           4.719938256745
   0.00896000           4.740158042044
   0.00898000           4.760415541724
   0.00900000           4.780710712297
   0.00902000           4.801043510221
   0.00904000           4.821413891903
   0.00906000           4.841821813699
   0.00908000           4.862267231912
   0.00910000           4.882750102795
   0.00912000           4.903270382550
   0.00914000           4.923828027326
   0.00916000           4.944422993225
   0.00918000           4.965055236293
   0.00920000           4.985724712531
   0.00922000           5.006431377886
   0.00924000           5.027175188257
   0.00926000           5.047956099491
   0.00928000           5.068774067386
   0.00930000           5.089629047690
   0.00932000           5.110520996103
   0.00934000           5.131449868274
   0.00936000           5.152415619804
   0.00938000           5.173418206243
   0.00940000           5.194457583093
   0.00942000           5.215533705809
   0.00944000           5.236646529794
   0.00946000           5.257796010407
   0.00948000           5.278982102954
   0.00950000           5.300204762696
   0.00952000           5.321463944845
   0.00954000           5.342759604566
   0.00956000           5.364091696975
   0.00958000           5.385460177142
   0.00960000           5.406865000088
   0.00962000           5.428306120789
   0.00964000           5.449783494173
   0.00966000           5.471297075120
   0.00968000           5.492846818465
   0.00970000           5.514432678995
   0.00972000           5.536054611454
   0.00974000           5.557712570535
   0.00976000           5.579406510888
   0.00978000           5.601136387117
   0.00980000           5.622902153780
   0.00982000           5.644703765388
   0.00984000           5.666541176410
   0.00986000           5.688414341266
   0.00988000           5.710323214333
   0.00990000           5.732267749944
   0.00992000           5.754247902385
   0.00994000           5.776263625898
   0.00996000           5.798314874683
   0.00998000           5.820401602892
   0.01000000           5.842523764637
   0.01002000           5.864681313981
   0.01004000           5.886874204949
   0.01006000           5.909102391518
   0.01008000           5.931365827624
   0.01010000           5.953664467158
   0.01012000           5.975998263969
   0.01014000           5.998367171864
   0.01016000           6.020771144605
   0.01018000           6.043210135913
   0.01020000           6.065684099465
   0.01022000           6.088192988898
   0.01024000           6.110736757806
   0.01026000           6.133315359739
   0.01028000           6.155928748208
   0.01030000           6.178576876681
   0.01032000           6.201259698585
   0.01034000           6.223977167306
   0.01036000           6.246729236187
   0.01038000           6.269515858532
   0.01040000           6.292336987603
   0.01042000           6.315192576623
   0.01044000           6.338082578772
   0.01046000           6.361006947193
   0.01048000           6.383965634985
   0.01050000           6.406958595210
   0.01052000           6.429985780888
   0.01054000           6.453047145001
   0.01056000           6.476142640492
   0.01058000           6.499272220261
   0.01060000           6.522435837174
   0.01062000           6.545633444053
   0.01064000           6.568864993685
   0.01066000           6.592130438816
   0.01068000           6.615429732155
   0.01070000           6.638762826371
   0.01072000           6.662129674096
   0.01074000           6.685530227924
   0.01076000           6.708964440410
   0.01078000           6.732432264072
   0.01080000           6.755933651391
   0.01082000           6.779468554810
   0.01084000           6.803036926736
   0.01086000           6.826638719535
   0.01088000           6.850273885542
   0.01090000           6.873942377050
   0.01092000           6.897644146319
   0.01094000           6.921379145571
   0.01096000           6.945147326991
   0.01098000           6.968948642730
   0.01100000           6.992783044901
   0.01102000           7.016650485584
   0.01104000           7.040550916820
   0.01106000           7.064484290618
   0.01108000           7.088450558948
   0.01110000           7.112449673748
   0.01112000           7.136481586921
   0.01114000           7.160546250332
   0.01116000           7.184643615816
   0.01118000           7.208773635169
   0.01120000           7.232936260157
   0.01122000           7.257131442509
   0.01124000           7.281359133920
   0.01126000           7.305619286054
   0.01128000           7.329911850538
   0.01130000           7.354236778968
   0.01132000           7.378594022905
   0.01134000           7.402983533879
   0.01136000           7.427405263384
   0.01138000           7.451859162885
   0.01140000           7.476345183810
   0.01142000           7.500863277559
   0.01144000           7.525413395496
   0.01146000           7.549995488955
   0.01148000           7.574609509238
   0.01150000           7.599255407614
   0.01152000           7.623933135321
   0.01154000           7.648642643565
   0.01156000           7.673383883523
   0.01158000           7.698156806337
   0.01160000           7.722961363122
   0.01162000           7.747797504958
   0.01164000           7.772665182899
   0.01166000           7.797564347964
   0.01168000           7.822494951146
   0.01170000           7.847456943403
   0.01172000           7.872450275668
   0.01174000           7.897474898840
   0.01176000           7.922530763791
   0.01178000           7.947617821363
   0.01180000           7.972736022367
   0.01182000           7.997885317587
   0.01184000           8.023065657777
   0.01186000           8.048276993662
   0.01188000           8.073519275938
   0.01190000           8.098792455274
   0.01192000           8.124096482308
   0.01194000           8.149431307653
   0.01196000           8.174796881892
   0.01198000           8.200193155580
   0.01200000           8.225620079245
   0.01202000           8.251077603387
   0.01204000           8.276565678480
   0.01206000           8.302084254968
   0.01208000           8.327633283270
   0.01210000           8.353212713779
   0.01212000           8.378822496859
   0.01214000           8.404462582848
   0.01216000           8.430132922058
   0.01218000           8.455833464776
   0.01220000           8.481564161260
   0.01222000           8.507324961745
   0.01224000           8.533115816439
   0.01226000           8.558936675524
   0.01228000           8.584787489157
   0.01230000           8.610668207470
   0.01232000           8.636578780569
   0.01234000           8.662519158537
   0.01236000           8.688489291430
   0.01238000           8.714489129280
   0.01240000           8.740518622096
   0.01242000           8.766577719860
   0.01244000           8.792666372534
   0.01246000           8.818784530052
   0.01248000           8.844932142325
   0.01250000           8.871109159242
   0.01252000           8.897315530669
   0.01254000           8.923551206445
   0.01256000           8.949816136389
   0.01258000           8.976110270297
   0.01260000           9.002433557941
   0.01262000           9.028785949070
   0.01264000           9.055167393412
   0.01266000           9.081577840672
   0.01268000           9.108017240532
   0.01270000           9.134485542654
   0.01272000           9.160982696676
   0.01274000           9.187508652215
   0.01276000           9.214063358867
   0.01278000           9.240646766207
   0.01280000           9.267258823787
   0.01282000           9.293899481140
   0.01284000           9.320568687776
   0.01286000           9.347266393187
   0.01288000           9.373992546842
   0.01290000           9.400747098191
   0.01292000           9.427529996664
   0.01294000           9.454341191668
   0.01296000           9.481180632595
   0.01298000           9.508048268812
   0.01300000           9.534944049672
   0.01302000           9.561867924503
   0.01304000           9.588819842617
   0.01306000           9.615799753308
   0.01308000           9.642807605846
   0.01310000           9.669843349489
   0.01312000           9.696906933470
   0.01314000           9.723998307009
   0.01316000           9.751117419303
   0.01318000           9.778264219534
   0.01320000           9.805438656864
   0.01322000           9.832640680440
   0.01324000           9.859870239388
   0.01326000           9.887127282819
   0.01328000           9.914411759825
   0.01330000           9.941723619482
   0.01332000           9.969062810848
   0.01334000           9.996429282966
   0.01336000          10.023822984859
   0.01338000          10.051243865536
   0.01340000          10.078691873989
   0.01342000          10.106166959195
   0.01344000          10.133669070113
   0.01346000          10.161198155686
   0.01348000          10.188754164843
   0.01350000          10.216337046496
   0.01352000          10.243946749542
   0.01354000          10.271583222864
   0.01356000          10.299246415328
   0.01358000          10.326936275785
   0.01360000          10.354652753073
   0.01362000          10.382395796014
   0.01364000          10.410165353416
   0.01366000          10.437961374072
   0.01368000          10.465783806762
   0.01370000          10.493632600251
   0.01372000          10.521507703291
   0.01374000          10.549409064619
   0.01376000          10.577336632961
   0.01378000          10.605290357026
   0.01380000          10.633270185513
   0.01382000          10.661276067107
   0.01384000          10.689307950478
   0.01386000          10.717365784287
   0.01388000          10.745449517180
   0.01390000          10.773559097791
   0.01392000          10.801694474741
   0.01394000          10.829855596641
   0.01396000          10.858042412088
   0.01398000          10.886254869668
   0.01400000          10.914492917956
   0.01402000          10.942756505514
   0.01404000          10.971045580893
   0.01406000          10.999360092635
   0.01408000          11.027699989268
   0.01410000          11.056065219311
   0.01412000          11.084455731272
   0.01414000          11.112871473647
   0.01416000          11.141312394924
   0.01418000          11.169778443580
   0.01420000          11.198269568080
   0.01422000          11.226785716882
   0.01424000          11.255326838431
   0.01426000          11.283892881166
   0.01428000          11.312483793514
   0.01430000          11.341099523893
   0.01432000          11.369740020714
   0.01434000          11.398405232375
   0.01436000          11.427095107269
   0.01438000          11.455809593778
   0.01440000          11.484548640276
   0.01442000          11.513312195130
   0.01444000          11.542100206696
   0.01446000          11.570912623325
   0.01448000          11.599749393358
   0.01450000          11.628610465129
   0.01452000          11.657495786964
   0.01454000          11.686405307182
   0.01456000          11.715338974095
   0.01458000          11.744296736006
   0.01460000          11.773278541214
   0.01462000          11.802284338008
   0.01464000          11.831314074673
   0.01466000          11.860367699485
   0.01468000          11.889445160716
   0.01470000          11.918546406630
   0.01472000          11.947671385486
   0.01474000          11.976820045537
   0.01476000          12.005992335029
   0.01478000          12.035188202203
   0.01480000          12.064407595296
   0.01482000          12.093650462537
   0.01484000          12.122916752152
   0.01486000          12.152206412361
   0.01488000          12.181519391380
   0.01490000          12.210855637420
   0.01492000          12.240215098685
   0.01494000          12.269597723379
   0.01496000          12.299003459697
   0.01498000          12.328432255835
   0.01500000          12.357884059980
   0.01502000          12.387358820318
   0.01504000          12.416856485032
   0.01506000          12.446377002300
   0.01508000          12.475920320296
   0.01510000          12.505486387192
   0.01512000          12.535075151157
   0.01514000          12.564686560356
   0.01516000          12.594320562953
   0.01518000          12.623977107108
   0.01520000          12.653656140979
   0.01522000          12.683357612721
   0.01524000          12.713081470488
   0.01526000          12.742827662430
   0.01528000          12.772596136699
   0.01530000          12.802386841440
   0.01532000          12.832199724801
   0.01534000          12.862034734926
   0.01536000          12.891891819959
   0.01538000          12.921770928042
   0.01540000          12.951672007315
   0.01542000          12.981595005921
   0.01544000          13.011539871997
   0.01546000          13.041506553684
   0.01548000          13.071494999121
   0.01550000          13.101505156446
   0.01552000          13.131536973796
   0.01554000          13.161590399312
   0.01556000          13.191665381131
   0.01558000          13.221761867393
   0.01560000          13.251879806236
   0.01562000          13.282019145801
   0.01564000          13.312179834229
   0.01566000          13.342361819662
   0.01568000          13.372565050242
   0.01570000          13.402789474113
   0.01572000          13.433035039420
   0.01574000          13.463301694311
   0.01576000          13.493589386933
   0.01578000          13.523898065438
   0.01580000          13.554227677976
   0.01582000          13.584578172703
   0.01584000          13.614949497775
   0.01586000          13.645341601350
   0.01588000          13.675754431590
   0.01590000          13.706187936658
   0.01592000          13.736642064722
   0.01594000          13.767116763950
   0.01596000          13.797611982516
   0.01598000          13.828127668595
   0.01600000          13.858663770367
   0.01602000          13.889220236014
   0.01604000          13.919797013722
   0.01606000          13.950394051682
   0.01608000          13.981011298088
   0.01610000          14.011648701138
   0.01612000          14.042306209034
   0.01614000          14.072983769982
   0.01616000          14.103681332195
   0.01618000          14.134398843887
   0.01620000          14.165136253279
   0.01622000          14.195893508596
   0.01624000          14.226670558070
   0.01626000          14.257467349935
   0.01628000          14.288283832433
   0.01630000          14.319119953810
   0.01632000          14.349975662318
   0.01634000          14.380850906215
   0.01636000          14.411745633764
   0.01638000          14.442659793236
   0.01640000          14.473593332905
   0.01642000          14.504546201055
   0.01644000          14.535518345974
   0.01646000          14.566509715956
   0.01648000          14.597520259305
   0.01650000          14.628549924328
   0.01652000          14.659598659341
   0.01654000          14.690666412667
   0.01656000          14.721753132637
   0.01658000          14.752858767587
   0.01660000          14.783983265864
   0.01662000          14.815126575819
   0.01664000          14.846288645813
   0.01666000          14.877469424215
   0.01668000          14.908668859400
   0.01670000          14.939886899755
   0.01672000          14.971123493673
   0.01674000          15.002378589554
   0.01676000          15.033652135809
   0.01678000          15.064944080857
   0.01680000          15.096254373126
   0.01682000          15.127582961054
   0.01684000          15.158929793086
   0.01686000          15.190294817677
   0.01688000          15.221677983294
   0.01690000          15.253079238409
   0.01692000          15.284498531507
   0.01694000          15.315935811083
   0.01696000          15.347391025640
   0.01698000          15.378864123692
   0.01700000          15.410355053764
   0.01702000          15.441863764391
   0.01704000          15.473390204117
   0.01706000          15.504934321498
   0.01708000          15.536496065101
   0.01710000          15.568075383504
   0.01712000          15.599672225295
   0.01714000          15.631286539074
   0.01716000          15.662918273452
   0.01718000          15.694567377051
   0.01720000          15.726233798505
   0.01722000          15.757917486460
   0.01724000          15.789618389574
   0.01726000          15.821336456516
   0.01728000          15.853071635967
   0.01730000          15.884823876622
   0.01732000          15.916593127186
   0.01734000          15.948379336378
   0.01736000          15.980182452930
   0.01738000          16.012002425584
   0.01740000          16.043839203099
   0.01742000          16.075692734243
   0.01744000          16.107562967800
   0.01746000          16.139449852565
   0.01748000          16.171353337349
   0.01750000          16.203273370974
   0.01752000          16.235209902277
   0.01754000          16.267162880108
   0.01756000          16.299132253332
   0.01758000          16.331117970827
   0.01760000          16.363119981486
   0.01762000          16.395138234214
   0.01764000          16.427172677934
   0.01766000          16.459223261581
   0.01768000          16.491289934105
   0.01770000          16.523372644472
   0.01772000          16.555471341660
   0.01774000          16.587585974666
   0.01776000          16.619716492500
   0.01778000          16.651862844186
   0.01780000          16.684024978766
   0.01782000          16.716202845296
   0.01784000          16.748396392848
   0.01786000          16.780605570509
   0.01788000          16.812830327385
   0.01790000          16.845070612593
   0.01792000          16.877326375271
   0.01794000          16.909597564569
   0.01796000          16.941884129658
   0.01798000          16.974186019721
   0.01800000          17.006503183960
   0.01802000          17.038835571595
   0.01804000          17.071183131859
   0.01806000          17.103545814006
   0.01808000          17.135923567305
   0.01810000          17.168316341042
   0.01812000          17.200724084523
   0.01814000          17.233146747067
   0.01816000          17.265584278015
   0.01818000          17.298036626724
   0.01820000          17.330503742567
   0.01822000          17.362985574939
   0.01824000          17.395482073250
   0.01826000          17.427993186928
   0.01828000          17.460518865422
   0.01830000          17.493059058197
   0.01832000          17.525613714738
   0.01834000          17.558182784548
   0.01836000          17.590766217149
   0.01838000          17.623363962081
   0.01840000          17.655975968905
   0.01842000          17.688602187200
   0.01844000          17.721242566563
   0.01846000          17.753897056614
   0.01848000          17.786565606990
   0.01850000          17.819248167347
   0.01852000          17.851944687362
   0.01854000          17.884655116731
   0.01856000          17.917379405172
   0.01858000          17.950117502421
   0.01860000          17.982869358235
   0.01862000          18.015634922392
   0.01864000          18.048414144688
   0.01866000          18.081206974943
   0.01868000          18.114013362996
   0.01870000          18.146833258706
   0.01872000          18.179666611953
   0.01874000          18.212513372641
   0.01876000          18.245373490691
   0.01878000          18.278246916048
   0.01880000          18.311133598677
   0.01882000          18.344033488566
   0.01884000          18.376946535722
   0.01886000          18.409872690178
   0.01888000          18.442811901984
   0.01890000          18.475764121215
   0.01892000          18.508729297967
   0.01894000          18.541707382358
   0.01896000          18.574698324529
   0.01898000          18.607702074644
   0.01900000          18.640718582887
   0.01902000          18.673747799466
   0.01904000          18.706789674614
   0.01906000          18.739844158583
   0.01908000          18.772911201650
   0.01910000          18.805990754114
   0.01912000          18.839082766300
   0.01914000          18.872187188552
   0.01916000          18.905303971241
   0.01918000          18.938433064759
   0.01920000          18.971574419524
   0.01922000          19.004727985975
   0.01924000          19.037893714578
   0.01926000          19.071071555819
   0.01928000          19.104261460212
   0.01930000          19.137463378292
   0.01932000          19.170677260620
   0.01934000          19.203903057782
   0.01936000          19.237140720387
   0.01938000          19.270390199068
   0.01940000          19.303651444485
   0.01942000          19.336924407322
   0.01944000          19.370209038285
   0.01946000          19.403505288110
   0.01948000          19.436813107555
   0.01950000          19.470132447403
   0.01952000          19.503463258463
   0.01954000          19.536805491571
   0.01956000          19.570159097586
   0.01958000          19.603524027394
   0.01960000          19.636900231907
   0.01962000          19.670287662062
   0.01964000          19.703686268822
   0.01966000          19.737096003177
   0.01968000          19.770516816141
   0.01970000          19.803948658758
   0.01972000          19.837391482096
   0.01974000          19.870845237248
   0.01976000          19.904309875336
   0.01978000          19.937785347509
   0.01980000          19.971271604940
   0.01982000          20.004768598832
   0.01984000          20.038276280413
   0.01986000          20.071794600938
   0.01988000          20.105323511692
   0.01990000          20.138862963983
   0.01992000          20.172412909150
   0.01994000          20.205973298557
   0.01996000          20.239544083597
   0.01998000          20.273125215691
   0.02000000          20.306716646287
