   0.00000000         100.000000000000
   0.00002000          99.999000002522
   0.00004000          99.997950107085
   0.00006000          99.996850317744
   0.00008000          99.995700638653
   0.00010000          99.994501074064
   0.00012000          99.993251628332
   0.00014000          99.991952305908
   0.00016000          99.990603111343
   0.00018000          99.989204049290
   0.00020000          99.987755124496
   0.00022000          99.986256341812
   0.00024000          99.984707706187
   0.00026000          99.983109222667
   0.00028000          99.981460896399
   0.00030000          99.979762732630
   0.00032000          99.978014736704
   0.00034000          99.976216914065
   0.00036000          99.974369270257
   0.00038000          99.972471810921
   0.00040000          99.970524541799
   0.00042000          99.968527468731
   0.00044000          99.966480597656
   0.00046000          99.964383934611
   0.00048000          99.962237485734
   0.00050000          99.960041257260
   0.00052000          99.957795255524
   0.00054000          99.955499486958
   0.00056000          99.953153958096
   0.00058000          99.950758675568
   0.00060000          99.948313646103
   0.00062000          99.945818876530
   0.00064000          99.943274373775
   0.00066000          99.940680144863
   0.00068000          99.938036196920
   0.00070000          99.935342537166
   0.00072000          99.932599172924
   0.00074000          99.929806111612
   0.00076000          99.926963360749
   0.00078000          99.924070927950
   0.00080000          99.921128820931
   0.00082000          99.918137047505
   0.00084000          99.915095615582
   0.00086000          99.912004533173
   0.00088000          99.908863808384
   0.00090000          99.905673449423
   0.00092000          99.902433464593
   0.00094000          99.899143862296
   0.00096000          99.895804651033
   0.00098000          99.892415839401
   0.00100000          99.888977436098
   0.00102000          99.885489449916
   0.00104000          99.881951889749
   0.00106000          99.878364764587
   0.00108000          99.874728083516
   0.00110000          99.871041855724
   0.00112000          99.867306090492
   0.00114000          99.863520797202
   0.00116000          99.859685985333
   0.00118000          99.855801664460
   0.00120000          99.851867844259
   0.00122000          99.847884534500
   0.00124000          99.843851745051
   0.00126000          99.839769485880
   0.00128000          99.835637767050
   0.00130000          99.831456598721
   0.00132000          99.827225991153
   0.00134000          99.822945954700
   0.00136000          99.818616499816
   0.00138000          99.814237637050
   0.00140000          99.809809377050
   0.00142000          99.805331730559
   0.00144000          99.800804708418
   0.00146000          99.796228321566
   0.00148000          99.791602581037
   0.00150000          99.786927497964
   0.00152000          99.782203083575
   0.00154000          99.777429349194
   0.00156000          99.772606306245
   0.00158000          99.767733966247
   0.00160000          99.762812340813
   0.00162000          99.757841441657
   0.00164000          99.752821280587
   0.00166000          99.747751869507
   0.00168000          99.742633220419
   0.00170000          99.737465345421
   0.00172000          99.732248256706
   0.00174000          99.726981966565
   0.00176000          99.721666487383
   0.00178000          99.716301831643
   0.00180000          99.710888011924
   0.00182000          99.705425040901
   0.00184000          99.699912931342
   0.00186000          99.694351696116
   0.00188000          99.688741348184
   0.00190000          99.683081900604
   0.00192000          99.677373366530
   0.00194000          99.671615759211
   0.00196000          99.665809091992
   0.00198000          99.659953378314
   0.00200000          99.654048631712
   0.00202000          99.648094865818
   0.00204000          99.642092094360
   0.00206000          99.636040331158
   0.00208000          99.629939590130
   0.00210000          99.623789885290
   0.00212000          99.617591230743
   0.00214000          99.611343640694
   0.00216000          99.605047129440
   0.00218000          99.598701711374
   0.00220000          99.592307400982
   0.00222000          99.585864212848
   0.00224000          99.579372161648
   0.00226000          99.572831262155
   0.00228000          99.566241529234
   0.00230000          99.559602977846
   0.00232000          99.552915623047
   0.00234000          99.546179479987
   0.00236000          99.539394563909
   0.00238000          99.532560890152
   0.00240000          99.525678474149
   0.00242000          99.518747331427
   0.00244000          99.511767477605
   0.00246000          99.504738928400
   0.00248000          99.497661699620
   0.00250000          99.490535807168
   0.00252000          99.483361267039
   0.00254000          99.476138095325
   0.00256000          99.468866308209
   0.00258000          99.461545921968
   0.00260000          99.454176952974
   0.00262000          99.446759417691
   0.00264000          99.439293332676
   0.00266000          99.431778714581
   0.00268000          99.424215580150
   0.00270000          99.416603946221
   0.00272000          99.408943829724
   0.00274000          99.401235247682
   0.00276000          99.393478217212
   0.00278000          99.385672755524
   0.00280000          99.377818879920
   0.00282000          99.369916607793
   0.00284000          99.361965956633
   0.00286000          99.353966944019
   0.00288000          99.345919587623
   0.00290000          99.337823905210
   0.00292000          99.329679914638
   0.00294000          99.321487633856
   0.00296000          99.313247080905
   0.00298000          99.304958273920
   0.00300000          99.296621231127
   0.00302000          99.288235970842
   0.00304000          99.279802511476
   0.00306000          99.271320871529
   0.00308000          99.262791069596
   0.00310000          99.254213124360
   0.00312000          99.245587054598
   0.00314000          99.236912879178
   0.00316000          99.228190617057
   0.00318000          99.219420287288
   0.00320000          99.210601909011
   0.00322000          99.201735501458
   0.00324000          99.192821083955
   0.00326000          99.183858675914
   0.00328000          99.174848296842
   0.00330000          99.165789966336
   0.00332000          99.156683704081
   0.00334000          99.147529529856
   0.00336000          99.138327463529
   0.00338000          99.129077525058
   0.00340000          99.119779734494
   0.00342000          99.110434111973
   0.00344000          99.101040677728
   0.00346000          99.091599452076
   0.00348000          99.082110455427
   0.00350000          99.072573708282
   0.00352000          99.062989231229
   0.00354000          99.053357044947
   0.00356000          99.043677170206
   0.00358000          99.033949627863
   0.00360000          99.024174438868
   0.00362000          99.014351624255
   0.00364000          99.004481205154
   0.00366000          98.994563202778
   0.00368000          98.984597638434
   0.00370000          98.974584533514
   0.00372000          98.964523909503
   0.00374000          98.954415787971
   0.00376000          98.944260190580
   0.00378000          98.934057139077
   0.00380000          98.923806655303
   0.00382000          98.913508761181
   0.00384000          98.903163478728
   0.00386000          98.892770830045
   0.00388000          98.882330837325
   0.00390000          98.871843522846
   0.00392000          98.861308908976
   0.00394000          98.850727018169
   0.00396000          98.840097872970
   0.00398000          98.829421496007
   0.00400000          98.818697910001
   0.00402000          98.807927137756
   0.00404000          98.797109202167
   0.00406000          98.786244126213
   0.00408000          98.775331932963
   0.00410000          98.764372645571
   0.00412000          98.753366287280
   0.00414000          98.742312881419
   0.00416000          98.731212451403
   0.00418000          98.720065020736
   0.00420000          98.708870613007
   0.00422000          98.697629251890
   0.00424000          98.686340961150
   0.00426000          98.675005764633
   0.00428000          98.663623686276
   0.00430000          98.652194750100
   0.00432000          98.640718980210
   0.00434000          98.629196400801
   0.00436000          98.617627036151
   0.00438000          98.606010910625
   0.00440000          98.594348048673
   0.00442000          98.582638474830
   0.00444000          98.570882213719
   0.00446000          98.559079290045
   0.00448000          98.547229728601
   0.00450000          98.535333554262
   0.00452000          98.523390791992
   0.00454000          98.511401466837
   0.00456000          98.499365603928
   0.00458000          98.487283228482
   0.00460000          98.475154365800
   0.00462000          98.462979041267
   0.00464000          98.450757280352
   0.00466000          98.438489108611
   0.00468000          98.426174551681
   0.00470000          98.413813635283
   0.00472000          98.401406385226
   0.00474000          98.388952827398
   0.00476000          98.376452987774
   0.00478000          98.363906892410
   0.00480000          98.351314567448
   0.00482000          98.338676039112
   0.00484000          98.325991333710
   0.00486000          98.313260477633
   0.00488000          98.300483497353
   0.00490000          98.287660419430
   0.00492000          98.274791270501
   0.00494000          98.261876077290
   0.00496000          98.248914866602
   0.00498000          98.235907665324
   0.00500000          98.222854500426
   0.00502000          98.209755398961
   0.00504000          98.196610388063
   0.00506000          98.183419494949
   0.00508000          98.170182746917
   0.00510000          98.156900171348
   0.00512000          98.143571795705
   0.00514000          98.130197647529
   0.00516000          98.116777754448
   0.00518000          98.103312144167
   0.00520000          98.089800844475
   0.00522000          98.076243883241
   0.00524000          98.062641288414
   0.00526000          98.048993088026
   0.00528000          98.035299310189
   0.00530000          98.021559983095
   0.00532000          98.007775135017
   0.00534000          97.993944794310
   0.00536000          97.980068989406
   0.00538000          97.966147748821
   0.00540000          97.952181101148
   0.00542000          97.938169075061
   0.00544000          97.924111699316
   0.00546000          97.910009002745
   0.00548000          97.895861014263
   0.00550000          97.881667762862
   0.00552000          97.867429277615
   0.00554000          97.853145587674
   0.00556000          97.838816722269
   0.00558000          97.824442710710
   0.00560000          97.810023582387
   0.00562000          97.795559366766
   0.00564000          97.781050093395
   0.00566000          97.766495791898
   0.00568000          97.751896491978
   0.00570000          97.737252223418
   0.00572000          97.722563016076
   0.00574000          97.707828899890
   0.00576000          97.693049904878
   0.00578000          97.678226061131
   0.00580000          97.663357398822
   0.00582000          97.648443948199
   0.00584000          97.633485739588
   0.00586000          97.618482803394
   0.00588000          97.603435170098
   0.00590000          97.588342870256
   0.00592000          97.573205934504
   0.00594000          97.558024393554
   0.00596000          97.542798278195
   0.00598000          97.527527619290
   0.00600000          97.512212447782
   0.00602000          97.496852794688
   0.00604000          97.481448691103
   0.00606000          97.466000168196
   0.00608000          97.450507257214
   0.00610000          97.434969989477
   0.00612000          97.419388396384
   0.00614000          97.403762509408
   0.00616000          97.388092360097
   0.00618000          97.372377980074
   0.00620000          97.356619401040
   0.00622000          97.340816654767
   0.00624000          97.324969773105
   0.00626000          97.309078787978
   0.00628000          97.293143731384
   0.00630000          97.277164635395
   0.00632000          97.261141532159
   0.00634000          97.245074453898
   0.00636000          97.228963432907
   0.00638000          97.212808501556
   0.00640000          97.196609692289
   0.00642000          97.180367037623
   0.00644000          97.164080570149
   0.00646000          97.147750322531
   0.00648000          97.131376327507
   0.00650000          97.114958617889
   0.00652000          97.098497226560
   0.00654000          97.081992186477
   0.00656000          97.065443530671
   0.00658000          97.048851292243
   0.00660000          97.032215504370
   0.00662000          97.015536200298
   0.00664000          96.998813413347
   0.00666000          96.982047176910
   0.00668000          96.965237524451
   0.00670000          96.948384489504
   0.00672000          96.931488105679
   0.00674000          96.914548406654
   0.00676000          96.897565426180
   0.00678000          96.880539198080
   0.00680000          96.863469756246
   0.00682000          96.846357134643
   0.00684000          96.829201367306
   0.00686000          96.812002488342
   0.00688000          96.794760531927
   0.00690000          96.777475532309
   0.00692000          96.760147523806
   0.00694000          96.742776540804
   0.00696000          96.725362617764
   0.00698000          96.707905789212
   0.00700000          96.690406089747
   0.00702000          96.672863554036
   0.00704000          96.655278216817
   0.00706000          96.637650112896
   0.00708000          96.619979277149
   0.00710000          96.602265744521
   0.00712000          96.584509550028
   0.00714000          96.566710728750
   0.00716000          96.548869315841
   0.00718000          96.530985346521
   0.00720000          96.513058856078
   0.00722000          96.495089879870
   0.00724000          96.477078453321
   0.00726000          96.459024611926
   0.00728000          96.440928391246
   0.00730000          96.422789826909
   0.00732000          96.404608954612
   0.00734000          96.386385810119
   0.00736000          96.368120429262
   0.00738000          96.349812847939
   0.00740000          96.331463102116
   0.00742000          96.313071227825
   0.00744000          96.294637261167
   0.00746000          96.276161238306
   0.00748000          96.257643195475
   0.00750000          96.239083168974
   0.00752000          96.220481195167
   0.00754000          96.201837310484
   0.00756000          96.183151551424
   0.00758000          96.164423954548
   0.00760000          96.145654556486
   0.00762000          96.126843393930
   0.00764000          96.107990503641
   0.00766000          96.089095922442
   0.00768000          96.070159687222
   0.00770000          96.051181834937
   0.00772000          96.032162402605
   0.00774000          96.013101427309
   0.00776000          95.993998946199
   0.00778000          95.974854996486
   0.00780000          95.955669615447
   0.00782000          95.936442840422
   0.00784000          95.917174708817
   0.00786000          95.897865258099
   0.00788000          95.878514525800
   0.00790000          95.859122549516
   0.00792000          95.839689366905
   0.00794000          95.820215015690
   0.00796000          95.800699533654
   0.00798000          95.781142958645
   0.00800000          95.761545328575
   0.00802000          95.741906681415
   0.00804000          95.722227055201
   0.00806000          95.702506488031
   0.00808000          95.682745018065
   0.00810000          95.662942683523
   0.00812000          95.643099522691
   0.00814000          95.623215573912
   0.00816000          95.603290875594
   0.00818000          95.583325466204
   0.00820000          95.563319384273
   0.00822000          95.543272668390
   0.00824000          95.523185357207
   0.00826000          95.503057489436
   0.00828000          95.482889103850
   0.00830000          95.462680239283
   0.00832000          95.442430934627
   0.00834000          95.422141228837
   0.00836000          95.401811160926
   0.00838000          95.381440769968
   0.00840000          95.361030095097
   0.00842000          95.340579175506
   0.00844000          95.320088050447
   0.00846000          95.299556759232
   0.00848000          95.278985341232
   0.00850000          95.258373835877
   0.00852000          95.237722282655
   0.00854000          95.217030721114
   0.00856000          95.196299190860
   0.00858000          95.175527731557
   0.00860000          95.154716382928
   0.00862000          95.133865184754
   0.00864000          95.112974176872
   0.00866000          95.092043399180
   0.00868000          95.071072891630
   0.00870000          95.050062694235
   0.00872000          95.029012847064
   0.00874000          95.007923390241
   0.00876000          94.986794363951
   0.00878000          94.965625808432
   0.00880000          94.944417763981
   0.00882000          94.923170270952
   0.00884000          94.901883369753
   0.00886000          94.880557100850
   0.00888000          94.859191504764
   0.00890000          94.837786622075
   0.00892000          94.816342493414
   0.00894000          94.794859159471
   0.00896000          94.773336660991
   0.00898000          94.751775038772
   0.00900000          94.730174333672
   0.00902000          94.708534586598
   0.00904000          94.686855838517
   0.00906000          94.665138130447
   0.00908000          94.643381503463
   0.00910000          94.621585998694
   0.00912000          94.599751657321
   0.00914000          94.577878520583
   0.00916000          94.555966629769
   0.00918000          94.534016026225
   0.00920000          94.512026751348
   0.00922000          94.489998846590
   0.00924000          94.467932353455
   0.00926000          94.445827313503
   0.00928000          94.423683768344
   0.00930000          94.401501759641
   0.00932000          94.379281329112
   0.00934000          94.357022518525
   0.00936000          94.334725369702
   0.00938000          94.312389924517
   0.00940000          94.290016224895
   0.00942000          94.267604312814
   0.00944000          94.245154230303
   0.00946000          94.222666019443
   0.00948000          94.200139722368
   0.00950000          94.177575381259
   0.00952000          94.154973038352
   0.00954000          94.132332735933
   0.00956000          94.109654516338
   0.00958000          94.086938421955
   0.00960000          94.064184495221
   0.00962000          94.041392778623
   0.00964000          94.018563314701
   0.00966000          93.995696146042
   0.00968000          93.972791315284
   0.00970000          93.949848865116
   0.00972000          93.926868838274
   0.00974000          93.903851277544
   0.00976000          93.880796225763
   0.00978000          93.857703725816
   0.00980000          93.834573820636
   0.00982000          93.811406553207
   0.00984000          93.788201966558
   0.00986000          93.764960103770
   0.00988000          93.741681007971
   0.00990000          93.718364722337
   0.00992000          93.695011290090
   0.00994000          93.671620754504
   0.00996000          93.648193158898
   0.00998000          93.624728546638
   0.01000000          93.601226961139
   0.01002000          93.577688445861
   0.01004000          93.554113044313
   0.01006000          93.530500800051
   0.01008000          93.506851756676
   0.01010000          93.483165957837
   0.01012000          93.459443447228
   0.01014000          93.435684268590
   0.01016000          93.411888465710
   0.01018000          93.388056082421
   0.01020000          93.364187162601
   0.01022000          93.340281750175
   0.01024000          93.316339889113
   0.01026000          93.292361623428
   0.01028000          93.268346997181
   0.01030000          93.244296054477
   0.01032000          93.220208839466
   0.01034000          93.196085396340
   0.01036000          93.171925769340
   0.01038000          93.147730002747
   0.01040000          93.123498140890
   0.01042000          93.099230228138
   0.01044000          93.074926308907
   0.01046000          93.050586427656
   0.01048000          93.026210628885
   0.01050000          93.001798957140
   0.01052000          92.977351457010
   0.01054000          92.952868173127
   0.01056000          92.928349150163
   0.01058000          92.903794432837
   0.01060000          92.879204065907
   0.01062000          92.854578094176
   0.01064000          92.829916562487
   0.01066000          92.805219515726
   0.01068000          92.780486998822
   0.01070000          92.755719056743
   0.01072000          92.730915734502
   0.01074000          92.706077077150
   0.01076000          92.681203129781
   0.01078000          92.656293937531
   0.01080000          92.631349545574
   0.01082000          92.606369999128
   0.01084000          92.581355343450
   0.01086000          92.556305623836
   0.01088000          92.531220885625
   0.01090000          92.506101174195
   0.01092000          92.480946534963
   0.01094000          92.455757013388
   0.01096000          92.430532654965
   0.01098000          92.405273505232
   0.01100000          92.379979609766
   0.01102000          92.354651014180
   0.01104000          92.329287764129
   0.01106000          92.303889905306
   0.01108000          92.278457483442
   0.01110000          92.252990544307
   0.01112000          92.227489133711
   0.01114000          92.201953297498
   0.01116000          92.176383081554
   0.01118000          92.150778531801
   0.01120000          92.125139694198
   0.01122000          92.099466614745
   0.01124000          92.073759339474
   0.01126000          92.048017914459
   0.01128000          92.022242385808
   0.01130000          91.996432799668
   0.01132000          91.970589202221
   0.01134000          91.944711639686
   0.01136000          91.918800158319
   0.01138000          91.892854804411
   0.01140000          91.866875624291
   0.01142000          91.840862664323
   0.01144000          91.814815970905
   0.01146000          91.788735590473
   0.01148000          91.762621569498
   0.01150000          91.736473954484
   0.01152000          91.710292791974
   0.01154000          91.684078128543
   0.01156000          91.657830010800
   0.01158000          91.631548485392
   0.01160000          91.605233598998
   0.01162000          91.578885398332
   0.01164000          91.552503930141
   0.01166000          91.526089241208
   0.01168000          91.499641378349
   0.01170000          91.473160388412
   0.01172000          91.446646318281
   0.01174000          91.420099214871
   0.01176000          91.393519125132
   0.01178000          91.366906096046
   0.01180000          91.340260174629
   0.01182000          91.313581407927
   0.01184000          91.286869843022
   0.01186000          91.260125527025
   0.01188000          91.233348507082
   0.01190000          91.206538830368
   0.01192000          91.179696544094
   0.01194000          91.152821695499
   0.01196000          91.125914331855
   0.01198000          91.098974500464
   0.01200000          91.072002248663
   0.01202000          91.044997623815
   0.01204000          91.017960673317
   0.01206000          90.990891444597
   0.01208000          90.963789985111
   0.01210000          90.936656342349
   0.01212000          90.909490563827
   0.01214000          90.882292697095
   0.01216000          90.855062789731
   0.01218000          90.827800889342
   0.01220000          90.800507043566
   0.01222000          90.773181300070
   0.01224000          90.745823706551
   0.01226000          90.718434310733
   0.01228000          90.691013160371
   0.01230000          90.663560303248
   0.01232000          90.636075787176
   0.01234000          90.608559659995
   0.01236000          90.581011969573
   0.01238000          90.553432763807
   0.01240000          90.525822090622
   0.01242000          90.498179997969
   0.01244000          90.470506533830
   0.01246000          90.442801746211
   0.01248000          90.415065683147
   0.01250000          90.387298392700
   0.01252000          90.359499922960
   0.01254000          90.331670322042
   0.01256000          90.303809638089
   0.01258000          90.275917919269
   0.01260000          90.247995213780
   0.01262000          90.220041569841
   0.01264000          90.192057035701
   0.01266000          90.164041659634
   0.01268000          90.135995489938
   0.01270000          90.107918574939
   0.01272000          90.079810962987
   0.01274000          90.051672702457
   0.01276000          90.023503841750
   0.01278000          89.995304429292
   0.01280000          89.967074513533
   0.01282000          89.938814142948
   0.01284000          89.910523366036
   0.01286000          89.882202231321
   0.01288000          89.853850787351
   0.01290000          89.825469082697
   0.01292000          89.797057165955
   0.01294000          89.768615085744
   0.01296000          89.740142890706
   0.01298000          89.711640629508
   0.01300000          89.683108350839
   0.01302000          89.654546103411
   0.01304000          89.625953935958
   0.01306000          89.597331897239
   0.01308000          89.568680036033
   0.01310000          89.539998401144
   0.01312000          89.511287041396
   0.01314000          89.482546005635
   0.01316000          89.453775342731
   0.01318000          89.424975101574
   0.01320000          89.396145331075
   0.01322000          89.367286080169
   0.01324000          89.338397397810
   0.01326000          89.309479332973
   0.01328000          89.280531934655
   0.01330000          89.251555251874
   0.01332000          89.222549333667
   0.01334000          89.193514229094
   0.01336000          89.164449987233
   0.01338000          89.135356657182
   0.01340000          89.106234288062
   0.01342000          89.077082929010
   0.01344000          89.047902629185
   0.01346000          89.018693437765
   0.01348000          88.989455403948
   0.01350000          88.960188576949
   0.01352000          88.930893006004
   0.01354000          88.901568740368
   0.01356000          88.872215829313
   0.01358000          88.842834322132
   0.01360000          88.813424268134
   0.01362000          88.783985716647
   0.01364000          88.754518717019
   0.01366000          88.725023318613
   0.01368000          88.695499570812
   0.01370000          88.665947523014
   0.01372000          88.636367224638
   0.01374000          88.606758725118
   0.01376000          88.577122073905
   0.01378000          88.547457320468
   0.01380000          88.517764514292
   0.01382000          88.488043704880
   0.01384000          88.458294941750
   0.01386000          88.428518274437
   0.01388000          88.398713752492
   0.01390000          88.368881425483
   0.01392000          88.339021342993
   0.01394000          88.309133554620
   0.01396000          88.279218109979
   0.01398000          88.249275058699
   0.01400000          88.219304450427
   0.01402000          88.189306334822
   0.01404000          88.159280761560
   0.01406000          88.129227780330
   0.01408000          88.099147440837
   0.01410000          88.069039792801
   0.01412000          88.038904885954
   0.01414000          88.008742770045
   0.01416000          87.978553494835
   0.01418000          87.948337110100
   0.01420000          87.918093665629
   0.01422000          87.887823211225
   0.01424000          87.857525796704
   0.01426000          87.827201471896
   0.01428000          87.796850286643
   0.01430000          87.766472290801
   0.01432000          87.736067534239
   0.01434000          87.705636066837
   0.01436000          87.675177938488
   0.01438000          87.644693199100
   0.01440000          87.614181898589
   0.01442000          87.583644086885
   0.01444000          87.553079813931
   0.01446000          87.522489129680
   0.01448000          87.491872084098
   0.01450000          87.461228727160
   0.01452000          87.430559108855
   0.01454000          87.399863279181
   0.01456000          87.369141288149
   0.01458000          87.338393185779
   0.01460000          87.307619022103
   0.01462000          87.276818847162
   0.01464000          87.245992711008
   0.01466000          87.215140663704
   0.01468000          87.184262755322
   0.01470000          87.153359035945
   0.01472000          87.122429555665
   0.01474000          87.091474364582
   0.01476000          87.060493512809
   0.01478000          87.029487050465
   0.01480000          86.998455027679
   0.01482000          86.967397494592
   0.01484000          86.936314501348
   0.01486000          86.905206098105
   0.01488000          86.874072335027
   0.01490000          86.842913262286
   0.01492000          86.811728930064
   0.01494000          86.780519388550
   0.01496000          86.749284687941
   0.01498000          86.718024878441
   0.01500000          86.686740010263
   0.01502000          86.655430133627
   0.01504000          86.624095298760
   0.01506000          86.592735555896
   0.01508000          86.561350955278
   0.01510000          86.529941547152
   0.01512000          86.498507381775
   0.01514000          86.467048509407
   0.01516000          86.435564980318
   0.01518000          86.404056844780
   0.01520000          86.372524153075
   0.01522000          86.340966955488
   0.01524000          86.309385302313
   0.01526000          86.277779243847
   0.01528000          86.246148830393
   0.01530000          86.214494112260
   0.01532000          86.182815139763
   0.01534000          86.151111963221
   0.01536000          86.119384632957
   0.01538000          86.087633199300
   0.01540000          86.055857712585
   0.01542000          86.024058223150
   0.01544000          85.992234781335
   0.01546000          85.960387437490
   0.01548000          85.928516241963
   0.01550000          85.896621245110
   0.01552000          85.864702497289
   0.01554000          85.832760048862
   0.01556000          85.800793950194
   0.01558000          85.768804251655
   0.01560000          85.736791003616
   0.01562000          85.704754256453
   0.01564000          85.672694060543
   0.01566000          85.640610466268
   0.01568000          85.608503524010
   0.01570000          85.576373284155
   0.01572000          85.544219797091
   0.01574000          85.512043113209
   0.01576000          85.479843282901
   0.01578000          85.447620356560
   0.01580000          85.415374384584
   0.01582000          85.383105417369
   0.01584000          85.350813505314
   0.01586000          85.318498698820
   0.01588000          85.286161048288
   0.01590000          85.253800604120
   0.01592000          85.221417416720
   0.01594000          85.189011536492
   0.01596000          85.156583013840
   0.01598000          85.124131899170
   0.01600000          85.091658242887
   0.01602000          85.059162095396
   0.01604000          85.026643507103
   0.01606000          84.994102528413
   0.01608000          84.961539209732
   0.01610000          84.928953601465
   0.01612000          84.896345754015
   0.01614000          84.863715717786
   0.01616000          84.831063543181
   0.01618000          84.798389280601
   0.01620000          84.765692980448
   0.01622000          84.732974693120
   0.01624000          84.700234469016
   0.01626000          84.667472358531
   0.01628000          84.634688412062
   0.01630000          84.601882679999
   0.01632000          84.569055212736
   0.01634000          84.536206060660
   0.01636000          84.503335274158
   0.01638000          84.470442903614
   0.01640000          84.437528999411
   0.01642000          84.404593611927
   0.01644000          84.371636791538
   0.01646000          84.338658588619
   0.01648000          84.305659053539
   0.01650000          84.272638236665
   0.01652000          84.239596188362
   0.01654000          84.206532958989
   0.01656000          84.173448598903
   0.01658000          84.140343158457
   0.01660000          84.107216688000
   0.01662000          84.074069237877
   0.01664000          84.040900858429
   0.01666000          84.007711599993
   0.01668000          83.974501512900
   0.01670000          83.941270647477
   0.01672000          83.908019054048
   0.01674000          83.874746782930
   0.01676000          83.841453884437
   0.01678000          83.808140408876
   0.01680000          83.774806406550
   0.01682000          83.741451927755
   0.01684000          83.708077022783
   0.01686000          83.674681741921
   0.01688000          83.641266135447
   0.01690000          83.607830253638
   0.01692000          83.574374146760
   0.01694000          83.540897865075
   0.01696000          83.507401458839
   0.01698000          83.473884978301
   0.01700000          83.440348473703
   0.01702000          83.406791995282
   0.01704000          83.373215593265
   0.01706000          83.339619317876
   0.01708000          83.306003219328
   0.01710000          83.272367347828
   0.01712000          83.238711753577
   0.01714000          83.205036486768
   0.01716000          83.171341597585
   0.01718000          83.137627136204
   0.01720000          83.103893152796
   0.01722000          83.070139697520
   0.01724000          83.036366820530
   0.01726000          83.002574571971
   0.01728000          82.968763001977
   0.01730000          82.934932160676
   0.01732000          82.901082098188
   0.01734000          82.867212864621
   0.01736000          82.833324510077
   0.01738000          82.799417084647
   0.01740000          82.765490638413
   0.01742000          82.731545221449
   0.01744000          82.697580883818
   0.01746000          82.663597675574
   0.01748000          82.629595646761
   0.01750000          82.595574847414
   0.01752000          82.561535327555
   0.01754000          82.527477137201
   0.01756000          82.493400326353
   0.01758000          82.459304945006
   0.01760000          82.425191043143
   0.01762000          82.391058670735
   0.01764000          82.356907877743
   0.01766000          82.322738714119
   0.01768000          82.288551229802
   0.01770000          82.254345474719
   0.01772000          82.220121498788
   0.01774000          82.185879351914
   0.01776000          82.151619083991
   0.01778000          82.117340744901
   0.01780000          82.083044384515
   0.01782000          82.048730052690
   0.01784000          82.014397799274
   0.01786000          81.980047674101
   0.01788000          81.945679726992
   0.01790000          81.911294007757
   0.01792000          81.876890566193
   0.01794000          81.842469452085
   0.01796000          81.808030715202
   0.01798000          81.773574405305
   0.01800000          81.739100572137
   0.01802000          81.704609265433
   0.01804000          81.670100534910
   0.01806000          81.635574430273
   0.01808000          81.601031001216
   0.01810000          81.566470297415
   0.01812000          81.531892368537
   0.01814000          81.497297264230
   0.01816000          81.462685034131
   0.01818000          81.428055727864
   0.01820000          81.393409395035
   0.01822000          81.358746085239
   0.01824000          81.324065848054
   0.01826000          81.289368733046
   0.01828000          81.254654789762
   0.01830000          81.219924067739
   0.01832000          81.185176616497
   0.01834000          81.150412485538
   0.01836000          81.115631724354
   0.01838000          81.080834382418
   0.01840000          81.046020509188
   0.01842000          81.011190154107
   0.01844000          80.976343366602
   0.01846000          80.941480196085
   0.01848000          80.906600691951
   0.01850000          80.871704903579
   0.01852000          80.836792880331
   0.01854000          80.801864671556
   0.01856000          80.766920326581
   0.01858000          80.731959894723
   0.01860000          80.696983425276
   0.01862000          80.661990967522
   0.01864000          80.626982570723
   0.01866000          80.591958284126
   0.01868000          80.556918156960
   0.01870000          80.521862238436
   0.01872000          80.486790577749
   0.01874000          80.451703224076
   0.01876000          80.416600226576
   0.01878000          80.381481634389
   0.01880000          80.346347496641
   0.01882000          80.311197862437
   0.01884000          80.276032780864
   0.01886000          80.240852300991
   0.01888000          80.205656471870
   0.01890000          80.170445342533
   0.01892000          80.135218961995
   0.01894000          80.099977379251
   0.01896000          80.064720643278
   0.01898000          80.029448803033
   0.01900000          79.994161907455
   0.01902000          79.958860005464
   0.01904000          79.923543145960
   0.01906000          79.888211377825
   0.01908000          79.852864749920
   0.01910000          79.817503311088
   0.01912000          79.782127110150
   0.01914000          79.746736195911
   0.01916000          79.711330617151
   0.01918000          79.675910422635
   0.01920000          79.640475661104
   0.01922000          79.605026381282
   0.01924000          79.569562631870
   0.01926000          79.534084461550
   0.01928000          79.498591918983
   0.01930000          79.463085052810
   0.01932000          79.427563911650
   0.01934000          79.392028544102
   0.01936000          79.356478998744
   0.01938000          79.320915324132
   0.01940000          79.285337568802
   0.01942000          79.249745781268
   0.01944000          79.214140010022
   0.01946000          79.178520303536
   0.01948000          79.142886710260
   0.01950000          79.107239278620
   0.01952000          79.071578057024
   0.01954000          79.035903093854
   0.01956000          79.000214437473
   0.01958000          78.964512136220
   0.01960000          78.928796238412
   0.01962000          78.893066792345
   0.01964000          78.857323846291
   0.01966000          78.821567448500
   0.01968000          78.785797647198
   0.01970000          78.750014490591
   0.01972000          78.714218026859
   0.01974000          78.678408304161
   0.01976000          78.642585370632
   0.01978000          78.606749274384
   0.01980000          78.570900063505
   0.01982000          78.535037786061
   0.01984000          78.499162490094
   0.01986000          78.463274223620
   0.01988000          78.427373034635
   0.01990000          78.391458971109
   0.01992000          78.355532080988
   0.01994000          78.319592412194
   0.01996000          78.283640012625
   0.01998000          78.247674930155
   0.02000000          78.211697212635
