   0.00000000          51.272992947127
   0.00002000          51.247161698777
   0.00004000          51.221314220096
   0.00006000          51.195450517054
   0.00008000          51.169570595649
   0.00010000          51.143674461913
   0.00012000          51.117762121909
   0.00014000          51.091833581730
   0.00016000          51.065888847502
   0.00018000          51.039927925380
   0.00020000          51.013950821553
   0.00022000          50.987957542240
   0.00024000          50.961948093692
   0.00026000          50.935922482191
   0.00028000          50.909880714051
   0.00030000          50.883822795619
   0.00032000          50.857748733270
   0.00034000          50.831658533414
   0.00036000          50.805552202493
   0.00038000          50.779429746977
   0.00040000          50.753291173373
   0.00042000          50.727136488215
   0.00044000          50.700965698073
   0.00046000          50.674778809545
   0.00048000          50.648575829265
   0.00050000          50.622356763897
   0.00052000          50.596121620136
   0.00054000          50.569870404711
   0.00056000          50.543603124382
   0.00058000          50.517319785943
   0.00060000          50.491020396218
   0.00062000          50.464704962064
   0.00064000          50.438373490371
   0.00066000          50.412025988061
   0.00068000          50.385662462088
   0.00070000          50.359282919439
   0.00072000          50.332887367133
   0.00074000          50.306475812222
   0.00076000          50.280048261790
   0.00078000          50.253604722955
   0.00080000          50.227145202866
   0.00082000          50.200669708705
   0.00084000          50.174178247688
   0.00086000          50.147670827062
   0.00088000          50.121147454107
   0.00090000          50.094608136138
   0.00092000          50.068052880501
   0.00094000          50.041481694575
   0.00096000          50.014894585772
   0.00098000          49.988291561538
   0.00100000          49.961672629351
   0.00102000          49.935037796723
   0.00104000          49.908387071198
   0.00106000          49.881720460355
   0.00108000          49.855037971803
   0.00110000          49.828339613188
   0.00112000          49.801625392188
   0.00114000          49.774895316512
   0.00116000          49.748149393906
   0.00118000          49.721387632147
   0.00120000          49.694610039047
   0.00122000          49.667816622450
   0.00124000          49.641007390235
   0.00126000          49.614182350313
   0.00128000          49.587341510630
   0.00130000          49.560484879165
   0.00132000          49.533612463932
   0.00134000          49.506724272976
   0.00136000          49.479820314378
   0.00138000          49.452900596253
   0.00140000          49.425965126748
   0.00142000          49.399013914046
   0.00144000          49.372046966363
   0.00146000          49.345064291948
   0.00148000          49.318065899086
   0.00150000          49.291051796095
   0.00152000          49.264021991326
   0.00154000          49.236976493168
   0.00156000          49.209915310039
   0.00158000          49.182838450394
   0.00160000          49.155745922724
   0.00162000          49.128637735551
   0.00164000          49.101513897432
   0.00166000          49.074374416961
   0.00168000          49.047219302764
   0.00170000          49.020048563501
   0.00172000          48.992862207868
   0.00174000          48.965660244596
   0.00176000          48.938442682448
   0.00178000          48.911209530225
   0.00180000          48.883960796760
   0.00182000          48.856696490923
   0.00184000          48.829416621616
   0.00186000          48.802121197778
   0.00188000          48.774810228381
   0.00190000          48.747483722435
   0.00192000          48.720141688981
   0.00194000          48.692784137099
   0.00196000          48.665411075899
   0.00198000          48.638022514531
   0.00200000          48.610618462177
   0.00202000          48.583198928055
   0.00204000          48.555763921419
   0.00206000          48.528313451557
   0.00208000          48.500847527792
   0.00210000          48.473366159483
   0.00212000          48.445869356025
   0.00214000          48.418357126847
   0.00216000          48.390829481414
   0.00218000          48.363286429227
   0.00220000          48.335727979821
   0.00222000          48.308154142767
   0.00224000          48.280564927672
   0.00226000          48.252960344179
   0.00228000          48.225340401966
   0.00230000          48.197705110747
   0.00232000          48.170054480271
   0.00234000          48.142388520323
   0.00236000          48.114707240724
   0.00238000          48.087010651331
   0.00240000          48.059298762036
   0.00242000          48.031571582769
   0.00244000          48.003829123493
   0.00246000          47.976071394210
   0.00248000          47.948298404954
   0.00250000          47.920510165800
   0.00252000          47.892706686855
   0.00254000          47.864887978265
   0.00256000          47.837054050209
   0.00258000          47.809204912906
   0.00260000          47.781340576609
   0.00262000          47.753461051606
   0.00264000          47.725566348225
   0.00266000          47.697656476828
   0.00268000          47.669731447812
   0.00270000          47.641791271614
   0.00272000          47.613835958706
   0.00274000          47.585865519594
   0.00276000          47.557879964824
   0.00278000          47.529879304977
   0.00280000          47.501863550672
   0.00282000          47.473832712562
   0.00284000          47.445786801339
   0.00286000          47.417725827732
   0.00288000          47.389649802504
   0.00290000          47.361558736458
   0.00292000          47.333452640432
   0.00294000          47.305331525301
   0.00296000          47.277195401979
   0.00298000          47.249044281413
   0.00300000          47.220878174592
   0.00302000          47.192697092537
   0.00304000          47.164501046310
   0.00306000          47.136290047008
   0.00308000          47.108064105765
   0.00310000          47.079823233755
   0.00312000          47.051567442186
   0.00314000          47.023296742304
   0.00316000          46.995011145394
   0.00318000          46.966710662776
   0.00320000          46.938395305809
   0.00322000          46.910065085890
   0.00324000          46.881720014451
   0.00326000          46.853360102964
   0.00328000          46.824985362937
   0.00330000          46.796595805916
   0.00332000          46.768191443485
   0.00334000          46.739772287265
   0.00336000          46.711338348915
   0.00338000          46.682889640132
   0.00340000          46.654426172651
   0.00342000          46.625947958243
   0.00344000          46.597455008720
   0.00346000          46.568947335929
   0.00348000          46.540424951756
   0.00350000          46.511887868124
   0.00352000          46.483336096997
   0.00354000          46.454769650373
   0.00356000          46.426188540292
   0.00358000          46.397592778828
   0.00360000          46.368982378096
   0.00362000          46.340357350248
   0.00364000          46.311717707476
   0.00366000          46.283063462007
   0.00368000          46.254394626109
   0.00370000          46.225711212088
   0.00372000          46.197013232287
   0.00374000          46.168300699089
   0.00376000          46.139573624913
   0.00378000          46.110832022219
   0.00380000          46.082075903505
   0.00382000          46.053305281307
   0.00384000          46.024520168199
   0.00386000          45.995720576795
   0.00388000          45.966906519746
   0.00390000          45.938078009744
   0.00392000          45.909235059517
   0.00394000          45.880377681833
   0.00396000          45.851505889500
   0.00398000          45.822619695363
   0.00400000          45.793719112307
   0.00402000          45.764804153255
   0.00404000          45.735874831169
   0.00406000          45.706931159051
   0.00408000          45.677973149941
   0.00410000          45.649000816918
   0.00412000          45.620014173101
   0.00414000          45.591013231648
   0.00416000          45.561998005754
   0.00418000          45.532968508657
   0.00420000          45.503924753631
   0.00422000          45.474866753990
   0.00424000          45.445794523087
   0.00426000          45.416708074317
   0.00428000          45.387607421111
   0.00430000          45.358492576941
   0.00432000          45.329363555318
   0.00434000          45.300220369792
   0.00436000          45.271063033953
   0.00438000          45.241891561432
   0.00440000          45.212705965897
   0.00442000          45.183506261057
   0.00444000          45.154292460660
   0.00446000          45.125064578495
   0.00448000          45.095822628389
   0.00450000          45.066566624209
   0.00452000          45.037296579863
   0.00454000          45.008012509298
   0.00456000          44.978714426500
   0.00458000          44.949402345497
   0.00460000          44.920076280355
   0.00462000          44.890736245181
   0.00464000          44.861382254121
   0.00466000          44.832014321362
   0.00468000          44.802632461131
   0.00470000          44.773236687693
   0.00472000          44.743827015357
   0.00474000          44.714403458469
   0.00476000          44.684966031415
   0.00478000          44.655514748625
   0.00480000          44.626049624564
   0.00482000          44.596570673741
   0.00484000          44.567077910704
   0.00486000          44.537571350042
   0.00488000          44.508051006383
   0.00490000          44.478516894397
   0.00492000          44.448969028793
   0.00494000          44.419407424322
   0.00496000          44.389832095775
   0.00498000          44.360243057982
   0.00500000          44.330640325816
   0.00502000          44.301023914190
   0.00504000          44.271393838055
   0.00506000          44.241750112406
   0.00508000          44.212092752278
   0.00510000          44.182421772746
   0.00512000          44.152737188925
   0.00514000          44.123039015973
   0.00516000          44.093327269087
   0.00518000          44.063601963505
   0.00520000          44.033863114508
   0.00522000          44.004110737415
   0.00524000          43.974344847588
   0.00526000          43.944565460428
   0.00528000          43.914772591381
   0.00530000          43.884966255929
   0.00532000          43.855146469598
   0.00534000          43.825313247955
   0.00536000          43.795466606608
   0.00538000          43.765606561205
   0.00540000          43.735733127437
   0.00542000          43.705846321035
   0.00544000          43.675946157773
   0.00546000          43.646032653463
   0.00548000          43.616105823961
   0.00550000          43.586165685165
   0.00552000          43.556212253012
   0.00554000          43.526245543481
   0.00556000          43.496265572595
   0.00558000          43.466272356415
   0.00560000          43.436265911046
   0.00562000          43.406246252632
   0.00564000          43.376213397363
   0.00566000          43.346167361465
   0.00568000          43.316108161210
   0.00570000          43.286035812911
   0.00572000          43.255950332920
   0.00574000          43.225851737634
   0.00576000          43.195740043490
   0.00578000          43.165615266968
   0.00580000          43.135477424588
   0.00582000          43.105326532913
   0.00584000          43.075162608549
   0.00586000          43.044985668141
   0.00588000          43.014795728379
   0.00590000          42.984592805994
   0.00592000          42.954376917757
   0.00594000          42.924148080485
   0.00596000          42.893906311033
   0.00598000          42.863651626302
   0.00600000          42.833384043230
   0.00602000          42.803103578803
   0.00604000          42.772810250045
   0.00606000          42.742504074025
   0.00608000          42.712185067851
   0.00610000          42.681853248676
   0.00612000          42.651508633695
   0.00614000          42.621151240144
   0.00616000          42.590781085303
   0.00618000          42.560398186493
   0.00620000          42.530002561078
   0.00622000          42.499594226465
   0.00624000          42.469173200102
   0.00626000          42.438739499481
   0.00628000          42.408293142136
   0.00630000          42.377834145643
   0.00632000          42.347362527622
   0.00634000          42.316878305733
   0.00636000          42.286381497683
   0.00638000          42.255872121216
   0.00640000          42.225350194125
   0.00642000          42.194815734239
   0.00644000          42.164268759436
   0.00646000          42.133709287633
   0.00648000          42.103137336791
   0.00650000          42.072552924913
   0.00652000          42.041956070046
   0.00654000          42.011346790280
   0.00656000          41.980725103746
   0.00658000          41.950091028620
   0.00660000          41.919444583121
   0.00662000          41.888785785508
   0.00664000          41.858114654088
   0.00666000          41.827431207207
   0.00668000          41.796735463256
   0.00670000          41.766027440667
   0.00672000          41.735307157918
   0.00674000          41.704574633529
   0.00676000          41.673829886062
   0.00678000          41.643072934123
   0.00680000          41.612303796363
   0.00682000          41.581522491474
   0.00684000          41.550729038191
   0.00686000          41.519923455295
   0.00688000          41.489105761607
   0.00690000          41.458275975994
   0.00692000          41.427434117365
   0.00694000          41.396580204673
   0.00696000          41.365714256914
   0.00698000          41.334836293129
   0.00700000          41.303946332399
   0.00702000          41.273044393852
   0.00704000          41.242130496658
   0.00706000          41.211204660031
   0.00708000          41.180266903228
   0.00710000          41.149317245551
   0.00712000          41.118355706343
   0.00714000          41.087382304994
   0.00716000          41.056397060935
   0.00718000          41.025399993643
   0.00720000          40.994391122636
   0.00722000          40.963370467477
   0.00724000          40.932338047775
   0.00726000          40.901293883178
   0.00728000          40.870237993384
   0.00730000          40.839170398128
   0.00732000          40.808091117195
   0.00734000          40.777000170411
   0.00736000          40.745897577644
   0.00738000          40.714783358811
   0.00740000          40.683657533868
   0.00742000          40.652520122819
   0.00744000          40.621371145708
   0.00746000          40.590210622626
   0.00748000          40.559038573708
   0.00750000          40.527855019132
   0.00752000          40.496659979120
   0.00754000          40.465453473939
   0.00756000          40.434235523899
   0.00758000          40.403006149355
   0.00760000          40.371765370707
   0.00762000          40.340513208397
   0.00764000          40.309249682913
   0.00766000          40.277974814788
   0.00768000          40.246688624596
   0.00770000          40.215391132959
   0.00772000          40.184082360541
   0.00774000          40.152762328051
   0.00776000          40.121431056243
   0.00778000          40.090088565914
   0.00780000          40.058734877906
   0.00782000          40.027370013107
   0.00784000          39.995993992447
   0.00786000          39.964606836902
   0.00788000          39.933208567491
   0.00790000          39.901799205281
   0.00792000          39.870378771379
   0.00794000          39.838947286939
   0.00796000          39.807504773160
   0.00798000          39.776051251284
   0.00800000          39.744586742599
   0.00802000          39.713111268437
   0.00804000          39.681624850175
   0.00806000          39.650127509233
   0.00808000          39.618619267079
   0.00810000          39.587100145223
   0.00812000          39.555570165220
   0.00814000          39.524029348671
   0.00816000          39.492477717222
   0.00818000          39.460915292560
   0.00820000          39.429342096423
   0.00822000          39.397758150588
   0.00824000          39.366163476881
   0.00826000          39.334558097170
   0.00828000          39.302942033370
   0.00830000          39.271315307439
   0.00832000          39.239677941382
   0.00834000          39.208029957247
   0.00836000          39.176371377129
   0.00838000          39.144702223165
   0.00840000          39.113022517540
   0.00842000          39.081332282483
   0.00844000          39.049631540266
   0.00846000          39.017920313210
   0.00848000          38.986198623678
   0.00850000          38.954466494079
   0.00852000          38.922723946867
   0.00854000          38.890971004541
   0.00856000          38.859207689646
   0.00858000          38.827434024770
   0.00860000          38.795650032550
   0.00862000          38.763855735663
   0.00864000          38.732051156836
   0.00866000          38.700236318839
   0.00868000          38.668411244487
   0.00870000          38.636575956640
   0.00872000          38.604730478206
   0.00874000          38.572874832133
   0.00876000          38.541009041421
   0.00878000          38.509133129109
   0.00880000          38.477247118285
   0.00882000          38.445351032082
   0.00884000          38.413444893678
   0.00886000          38.381528726295
   0.00888000          38.349602553202
   0.00890000          38.317666397713
   0.00892000          38.285720283188
   0.00894000          38.253764233031
   0.00896000          38.221798270692
   0.00898000          38.189822419667
   0.00900000          38.157836703498
   0.00902000          38.125841145770
   0.00904000          38.093835770116
   0.00906000          38.061820600213
   0.00908000          38.029795659785
   0.00910000          37.997760972600
   0.00912000          37.965716562473
   0.00914000          37.933662453263
   0.00916000          37.901598668875
   0.00918000          37.869525233261
   0.00920000          37.837442170417
   0.00922000          37.805349504385
   0.00924000          37.773247259254
   0.00926000          37.741135459155
   0.00928000          37.709014128269
   0.00930000          37.676883290820
   0.00932000          37.644742971079
   0.00934000          37.612593193361
   0.00936000          37.580433982029
   0.00938000          37.548265361489
   0.00940000          37.516087356196
   0.00942000          37.483899990648
   0.00944000          37.451703289389
   0.00946000          37.419497277011
   0.00948000          37.387281978149
   0.00950000          37.355057417486
   0.00952000          37.322823619749
   0.00954000          37.290580609711
   0.00956000          37.258328412193
   0.00958000          37.226067052060
   0.00960000          37.193796554221
   0.00962000          37.161516943635
   0.00964000          37.129228245304
   0.00966000          37.096930484277
   0.00968000          37.064623685648
   0.00970000          37.032307874557
   0.00972000          36.999983076191
   0.00974000          36.967649315782
   0.00976000          36.935306618607
   0.00978000          36.902955009991
   0.00980000          36.870594515304
   0.00982000          36.838225159962
   0.00984000          36.805846969425
   0.00986000          36.773459969203
   0.00988000          36.741064184848
   0.00990000          36.708659641960
   0.00992000          36.676246366185
   0.00994000          36.643824383214
   0.00996000          36.611393718785
   0.00998000          36.578954398682
   0.01000000          36.546506448734
   0.01002000          36.514049894816
   0.01004000          36.481584762851
   0.01006000          36.449111078806
   0.01008000          36.416628868694
   0.01010000          36.384138158576
   0.01012000          36.351638974557
   0.01014000          36.319131342788
   0.01016000          36.286615289469
   0.01018000          36.254090840842
   0.01020000          36.221558023197
   0.01022000          36.189016862872
   0.01024000          36.156467386248
   0.01026000          36.123909619753
   0.01028000          36.091343589861
   0.01030000          36.058769323094
   0.01032000          36.026186846017
   0.01034000          35.993596185244
   0.01036000          35.960997367432
   0.01038000          35.928390419288
   0.01040000          35.895775367562
   0.01042000          35.863152239052
   0.01044000          35.830521060600
   0.01046000          35.797881859096
   0.01048000          35.765234661475
   0.01050000          35.732579494720
   0.01052000          35.699916385859
   0.01054000          35.667245361964
   0.01056000          35.634566450158
   0.01058000          35.601879677605
   0.01060000          35.569185071518
   0.01062000          35.536482659157
   0.01064000          35.503772467825
   0.01066000          35.471054524874
   0.01068000          35.438328857702
   0.01070000          35.405595493751
   0.01072000          35.372854460512
   0.01074000          35.340105785519
   0.01076000          35.307349496355
   0.01078000          35.274585620647
   0.01080000          35.241814186071
   0.01082000          35.209035220347
   0.01084000          35.176248751241
   0.01086000          35.143454806566
   0.01088000          35.110653414182
   0.01090000          35.077844601993
   0.01092000          35.045028397951
   0.01094000          35.012204830053
   0.01096000          34.979373926344
   0.01098000          34.946535714913
   0.01100000          34.913690223897
   0.01102000          34.880837481478
   0.01104000          34.847977515885
   0.01106000          34.815110355392
   0.01108000          34.782236028320
   0.01110000          34.749354563037
   0.01112000          34.716465987956
   0.01114000          34.683570331537
   0.01116000          34.650667622285
   0.01118000          34.617757888752
   0.01120000          34.584841159536
   0.01122000          34.551917463282
   0.01124000          34.518986828680
   0.01126000          34.486049284467
   0.01128000          34.453104859426
   0.01130000          34.420153582385
   0.01132000          34.387195482221
   0.01134000          34.354230587853
   0.01136000          34.321258928251
   0.01138000          34.288280532426
   0.01140000          34.255295429441
   0.01142000          34.222303648399
   0.01144000          34.189305218454
   0.01146000          34.156300168804
   0.01148000          34.123288528694
   0.01150000          34.090270327413
   0.01152000          34.057245594300
   0.01154000          34.024214358736
   0.01156000          33.991176650150
   0.01158000          33.958132498019
   0.01160000          33.925081931863
   0.01162000          33.892024981249
   0.01164000          33.858961675792
   0.01166000          33.825892045150
   0.01168000          33.792816119029
   0.01170000          33.759733927182
   0.01172000          33.726645499406
   0.01174000          33.693550865545
   0.01176000          33.660450055490
   0.01178000          33.627343099175
   0.01180000          33.594230026585
   0.01182000          33.561110867746
   0.01184000          33.527985652733
   0.01186000          33.494854411667
   0.01188000          33.461717174713
   0.01190000          33.428573972085
   0.01192000          33.395424834041
   0.01194000          33.362269790885
   0.01196000          33.329108872968
   0.01198000          33.295942110687
   0.01200000          33.262769534483
   0.01202000          33.229591174845
   0.01204000          33.196407062308
   0.01206000          33.163217227451
   0.01208000          33.130021700903
   0.01210000          33.096820513334
   0.01212000          33.063613695463
   0.01214000          33.030401278054
   0.01216000          32.997183291917
   0.01218000          32.963959767909
   0.01220000          32.930730736930
   0.01222000          32.897496229930
   0.01224000          32.864256277902
   0.01226000          32.831010911884
   0.01228000          32.797760162964
   0.01230000          32.764504062271
   0.01232000          32.731242640983
   0.01234000          32.697975930324
   0.01236000          32.664703961561
   0.01238000          32.631426766009
   0.01240000          32.598144375030
   0.01242000          32.564856820027
   0.01244000          32.531564132455
   0.01246000          32.498266343810
   0.01248000          32.464963485636
   0.01250000          32.431655589522
   0.01252000          32.398342687103
   0.01254000          32.365024810059
   0.01256000          32.331701990117
   0.01258000          32.298374259048
   0.01260000          32.265041648671
   0.01262000          32.231704190848
   0.01264000          32.198361917489
   0.01266000          32.165014860548
   0.01268000          32.131663052025
   0.01270000          32.098306523965
   0.01272000          32.064945308462
   0.01274000          32.031579437650
   0.01276000          31.998208943713
   0.01278000          31.964833858879
   0.01280000          31.931454215421
   0.01282000          31.898070045658
   0.01284000          31.864681381955
   0.01286000          31.831288256722
   0.01288000          31.797890702414
   0.01290000          31.764488751533
   0.01292000          31.731082436624
   0.01294000          31.697671790279
   0.01296000          31.664256845136
   0.01298000          31.630837633878
   0.01300000          31.597414189231
   0.01302000          31.563986543969
   0.01304000          31.530554730912
   0.01306000          31.497118782922
   0.01308000          31.463678732909
   0.01310000          31.430234613827
   0.01312000          31.396786458677
   0.01314000          31.363334300503
   0.01316000          31.329878172395
   0.01318000          31.296418107490
   0.01320000          31.262954138966
   0.01322000          31.229486300050
   0.01324000          31.196014624014
   0.01326000          31.162539144172
   0.01328000          31.129059893887
   0.01330000          31.095576906564
   0.01332000          31.062090215654
   0.01334000          31.028599854654
   0.01336000          30.995105857106
   0.01338000          30.961608256595
   0.01340000          30.928107086753
   0.01342000          30.894602381256
   0.01344000          30.861094173826
   0.01346000          30.827582498228
   0.01348000          30.794067388274
   0.01350000          30.760548877820
   0.01352000          30.727027000766
   0.01354000          30.693501791059
   0.01356000          30.659973282687
   0.01358000          30.626441509688
   0.01360000          30.592906506140
   0.01362000          30.559368306169
   0.01364000          30.525826943944
   0.01366000          30.492282453679
   0.01368000          30.458734869633
   0.01370000          30.425184226109
   0.01372000          30.391630557456
   0.01374000          30.358073898066
   0.01376000          30.324514282377
   0.01378000          30.290951744870
   0.01380000          30.257386320072
   0.01382000          30.223818042554
   0.01384000          30.190246946931
   0.01386000          30.156673067863
   0.01388000          30.123096440054
   0.01390000          30.089517098252
   0.01392000          30.055935077252
   0.01394000          30.022350411890
   0.01396000          29.988763137048
   0.01398000          29.955173287652
   0.01400000          29.921580898672
   0.01402000          29.887986005122
   0.01404000          29.854388642063
   0.01406000          29.820788844596
   0.01408000          29.787186647868
   0.01410000          29.753582087071
   0.01412000          29.719975197441
   0.01414000          29.686366014256
   0.01416000          29.652754572840
   0.01418000          29.619140908561
   0.01420000          29.585525056830
   0.01422000          29.551907053102
   0.01424000          29.518286932878
   0.01426000          29.484664731700
   0.01428000          29.451040485155
   0.01430000          29.417414228876
   0.01432000          29.383785998536
   0.01434000          29.350155829854
   0.01436000          29.316523758592
   0.01438000          29.282889820558
   0.01440000          29.249254051600
   0.01442000          29.215616487613
   0.01444000          29.181977164533
   0.01446000          29.148336118341
   0.01448000          29.114693385062
   0.01450000          29.081049000763
   0.01452000          29.047403001556
   0.01454000          29.013755423596
   0.01456000          28.980106303081
   0.01458000          28.946455676253
   0.01460000          28.912803579397
   0.01462000          28.879150048842
   0.01464000          28.845495120959
   0.01466000          28.811838832163
   0.01468000          28.778181218914
   0.01470000          28.744522317712
   0.01472000          28.710862165102
   0.01474000          28.677200797672
   0.01476000          28.643538252053
   0.01478000          28.609874564920
   0.01480000          28.576209772989
   0.01482000          28.542543913021
   0.01484000          28.508877021818
   0.01486000          28.475209136227
   0.01488000          28.441540293137
   0.01490000          28.407870529480
   0.01492000          28.374199882230
   0.01494000          28.340528388405
   0.01496000          28.306856085065
   0.01498000          28.273183009313
   0.01500000          28.239509198295
   0.01502000          28.205834689199
   0.01504000          28.172159519256
   0.01506000          28.138483725740
   0.01508000          28.104807345967
   0.01510000          28.071130417295
   0.01512000          28.037452977125
   0.01514000          28.003775062901
   0.01516000          27.970096712109
   0.01518000          27.936417962276
   0.01520000          27.902738850974
   0.01522000          27.869059415814
   0.01524000          27.835379694453
   0.01526000          27.801699724588
   0.01528000          27.768019543957
   0.01530000          27.734339190342
   0.01532000          27.700658701567
   0.01534000          27.666978115497
   0.01536000          27.633297470040
   0.01538000          27.599616803146
   0.01540000          27.565936152805
   0.01542000          27.532255557052
   0.01544000          27.498575053961
   0.01546000          27.464894681649
   0.01548000          27.431214478276
   0.01550000          27.397534482041
   0.01552000          27.363854731186
   0.01554000          27.330175263995
   0.01556000          27.296496118794
   0.01558000          27.262817333948
   0.01560000          27.229138947867
   0.01562000          27.195460999000
   0.01564000          27.161783525839
   0.01566000          27.128106566915
   0.01568000          27.094430160802
   0.01570000          27.060754346117
   0.01572000          27.027079161514
   0.01574000          26.993404645691
   0.01576000          26.959730837388
   0.01578000          26.926057775383
   0.01580000          26.892385498498
   0.01582000          26.858714045594
   0.01584000          26.825043455574
   0.01586000          26.791373767381
   0.01588000          26.757705020001
   0.01590000          26.724037252458
   0.01592000          26.690370503819
   0.01594000          26.656704813191
   0.01596000          26.623040219720
   0.01598000          26.589376762596
   0.01600000          26.555714481046
   0.01602000          26.522053414341
   0.01604000          26.488393601789
   0.01606000          26.454735082742
   0.01608000          26.421077896589
   0.01610000          26.387422082762
   0.01612000          26.353767680732
   0.01614000          26.320114730010
   0.01616000          26.286463270148
   0.01618000          26.252813340739
   0.01620000          26.219164981413
   0.01622000          26.185518231843
   0.01624000          26.151873131741
   0.01626000          26.118229720859
   0.01628000          26.084588038989
   0.01630000          26.050948125962
   0.01632000          26.017310021649
   0.01634000          25.983673765964
   0.01636000          25.950039398855
   0.01638000          25.916406960313
   0.01640000          25.882776490370
   0.01642000          25.849148029094
   0.01644000          25.815521616596
   0.01646000          25.781897293022
   0.01648000          25.748275098562
   0.01650000          25.714655073443
   0.01652000          25.681037257932
   0.01654000          25.647421692334
   0.01656000          25.613808416994
   0.01658000          25.580197472297
   0.01660000          25.546588898666
   0.01662000          25.512982736564
   0.01664000          25.479379026490
   0.01666000          25.445777808986
   0.01668000          25.412179124630
   0.01670000          25.378583014041
   0.01672000          25.344989517874
   0.01674000          25.311398676825
   0.01676000          25.277810531627
   0.01678000          25.244225123053
   0.01680000          25.210642491914
   0.01682000          25.177062679060
   0.01684000          25.143485725377
   0.01686000          25.109911671792
   0.01688000          25.076340559269
   0.01690000          25.042772428812
   0.01692000          25.009207321459
   0.01694000          24.975645278292
   0.01696000          24.942086340426
   0.01698000          24.908530549017
   0.01700000          24.874977945256
   0.01702000          24.841428570376
   0.01704000          24.807882465645
   0.01706000          24.774339672368
   0.01708000          24.740800231891
   0.01710000          24.707264185595
   0.01712000          24.673731574898
   0.01714000          24.640202441259
   0.01716000          24.606676826170
   0.01718000          24.573154771165
   0.01720000          24.539636317811
   0.01722000          24.506121507716
   0.01724000          24.472610382522
   0.01726000          24.439102983911
   0.01728000          24.405599353600
   0.01730000          24.372099533344
   0.01732000          24.338603564935
   0.01734000          24.305111490202
   0.01736000          24.271623351010
   0.01738000          24.238139189262
   0.01740000          24.204659046896
   0.01742000          24.171182965889
   0.01744000          24.137710988253
   0.01746000          24.104243156037
   0.01748000          24.070779511326
   0.01750000          24.037320096242
   0.01752000          24.003864952943
   0.01754000          23.970414123624
   0.01756000          23.936967650515
   0.01758000          23.903525575883
   0.01760000          23.870087942031
   0.01762000          23.836654791297
   0.01764000          23.803226166058
   0.01766000          23.769802108723
   0.01768000          23.736382661738
   0.01770000          23.702967867588
   0.01772000          23.669557768788
   0.01774000          23.636152407894
   0.01776000          23.602751827493
   0.01778000          23.569356070212
   0.01780000          23.535965178710
   0.01782000          23.502579195682
   0.01784000          23.469198163860
   0.01786000          23.435822126009
   0.01788000          23.402451124931
   0.01790000          23.369085203461
   0.01792000          23.335724404471
   0.01794000          23.302368770868
   0.01796000          23.269018345592
   0.01798000          23.235673171619
   0.01800000          23.202333291959
   0.01802000          23.168998749659
   0.01804000          23.135669587798
   0.01806000          23.102345849490
   0.01808000          23.069027577885
   0.01810000          23.035714816165
   0.01812000          23.002407607548
   0.01814000          22.969105995286
   0.01816000          22.935810022665
   0.01818000          22.902519733005
   0.01820000          22.869235169661
   0.01822000          22.835956376020
   0.01824000          22.802683395504
   0.01826000          22.769416271570
   0.01828000          22.736155047706
   0.01830000          22.702899767436
   0.01832000          22.669650474317
   0.01834000          22.636407211939
   0.01836000          22.603170023926
   0.01838000          22.569938953935
   0.01840000          22.536714045656
   0.01842000          22.503495342814
   0.01844000          22.470282889164
   0.01846000          22.437076728498
   0.01848000          22.403876904637
   0.01850000          22.370683461438
   0.01852000          22.337496442790
   0.01854000          22.304315892613
   0.01856000          22.271141854863
   0.01858000          22.237974373525
   0.01860000          22.204813492620
   0.01862000          22.171659256199
   0.01864000          22.138511708346
   0.01866000          22.105370893177
   0.01868000          22.072236854843
   0.01870000          22.039109637522
   0.01872000          22.005989285430
   0.01874000          21.972875842810
   0.01876000          21.939769353939
   0.01878000          21.906669863127
   0.01880000          21.873577414713
   0.01882000          21.840492053071
   0.01884000          21.807413822604
   0.01886000          21.774342767747
   0.01888000          21.741278932968
   0.01890000          21.708222362764
   0.01892000          21.675173101666
   0.01894000          21.642131194233
   0.01896000          21.609096685058
   0.01898000          21.576069618764
   0.01900000          21.543050040005
   0.01902000          21.510037993465
   0.01904000          21.477033523861
   0.01906000          21.444036675938
   0.01908000          21.411047494474
   0.01910000          21.378066024275
   0.01912000          21.345092310181
   0.01914000          21.312126397060
   0.01916000          21.279168329810
   0.01918000          21.246218153361
   0.01920000          21.213275912671
   0.01922000          21.180341652730
   0.01924000          21.147415418557
   0.01926000          21.114497255202
   0.01928000          21.081587207743
   0.01930000          21.048685321288
   0.01932000          21.015791640977
   0.01934000          20.982906211977
   0.01936000          20.950029079486
   0.01938000          20.917160288730
   0.01940000          20.884299884965
   0.01942000          20.851447913477
   0.01944000          20.818604419581
   0.01946000          20.785769448619
   0.01948000          20.752943045964
   0.01950000          20.720125257017
   0.01952000          20.687316127209
   0.01954000          20.654515701999
   0.01956000          20.621724026873
   0.01958000          20.588941147349
   0.01960000          20.556167108970
   0.01962000          20.523401957309
   0.01964000          20.490645737967
   0.01966000          20.457898496574
   0.01968000          20.425160278786
   0.01970000          20.392431130290
   0.01972000          20.359711096798
   0.01974000          20.327000224052
   0.01976000          20.294298557820
   0.01978000          20.261606143899
   0.01980000          20.228923028113
   0.01982000          20.196249256313
   0.01984000          20.163584874378
   0.01986000          20.130929928215
   0.01988000          20.098284463756
   0.01990000          20.065648526962
   0.01992000          20.033022163821
   0.01994000          20.000405420347
   0.01996000          19.967798342581
   0.01998000          19.935200976591
   0.02000000          19.902613368472
